true weights are 
[array([[-2.91169516,  4.93445415,  2.2981135 , ..., -3.33099043,
         -4.26609727,  1.16453172],
        [ 3.22124927,  3.87554538,  3.62968175, ..., -1.6896587 ,
          4.41031542,  0.73554067]])
 array([[ 1.17177965, -0.74860397],
        [ 0.03196945,  0.56472721]]) array([[2.8152966 , 4.69658699]])]
true biases are 
[array([[-0.50177098],
        [-1.89943946]]) array([[ 0.6709626 ],
                               [-0.18446725]]) array([[-8.65466366]])]
when the recovered model is correct: 
expected w_1 is: 
[-1.          1.6947015   0.78926995  0.16129561 -1.58782663 -1.17147166
  1.62341905 -0.62400506  0.07782742  0.25994165  0.63107691  1.6271375
  0.75011561  0.05740732 -0.05618801  0.69196298 -1.1569175   0.79885921
 -0.74786187  1.21233711 -1.35826445  1.00578924 -0.86611548  0.99313813
 -0.13394754  0.40931081 -1.461395    0.75495303 -1.66253605  0.08438336
  0.18093597  1.33676181 -1.1237437   0.54395776  1.40034818 -1.52751112
 -1.21199408 -1.00792595 -1.51696035 -0.06535396 -1.29279091  0.90479547
 -0.4248708  -0.0170997   0.86853947 -1.02733688  0.83583342 -0.19251749
 -1.6459358   0.91043922  1.59294461  0.28066997 -1.64696948 -1.09863522
  1.5274243   0.87269253  0.72324905  1.31162997  0.87508744 -0.49221668
  0.41261501  1.24328548 -0.88905218  1.55560758 -1.06159129 -0.49568276
  1.41750328 -0.07707768  1.09933144  1.58907305  0.76897774  0.91386197
  0.44910644  0.03814172  1.51539447 -0.53949933  0.47046733 -0.45514213
 -1.51101853 -0.64139926 -1.3767712   1.60672728  1.59121416 -0.03573524
 -0.21601686 -0.09973864  0.15988153  0.61441124  1.27018905  1.05614673
 -0.12086652 -0.0403013  -0.69807497 -0.57936934 -1.31879707 -0.78153201
 -0.8581334  -1.06779253 -1.50308097 -0.03896266  1.39304734  1.29552651
  0.39108258 -0.82419181 -0.61979903  1.30759005  0.49737502 -1.02793321
  0.06723043  0.09970789  0.05993429  0.81850003  0.61843514  0.06123313
 -1.4740273   0.85654653 -1.10739742 -1.08307356 -0.11116712 -1.3638124
 -0.53553468  0.21659477 -1.38771564  1.34341243  1.43692549 -0.8687038
  1.1076947   1.17322116  1.06055872  1.5688783  -0.14955238 -1.33190121
 -0.31725241  1.41125535  0.01283381 -0.60358622  1.19277651  1.67197094
  1.21807571 -0.06686978 -1.33202003 -1.65951058  1.57677903  0.87377102
  1.46750102  0.54534186 -0.67618841  0.32394934  0.41990398  1.55843066
  1.22652623 -0.43908638  1.39345004 -0.02366453  1.13013802  0.20460369
  1.24268724  1.15179763 -1.35006941 -1.62077953  1.48145054  1.39978878
 -1.41105832 -1.54676298  1.6047761  -0.67096414  1.16881793 -0.71844912
 -0.68613342  1.1603662   0.7882093  -1.4185245  -0.26426641 -0.86138507
  0.24157776 -0.34088037 -1.47604936 -0.97475436 -1.26650442  1.31045124
  1.45389103  1.52547187  0.20447686 -0.28698821  0.02817972  1.12364678
 -0.30116219  1.2364727  -0.69727596  1.42258447  0.42530478  0.31112069
 -1.25113295 -0.1525206  -0.08691264 -1.69309603  0.93901911  1.3530957
  0.62645302 -0.17183834  0.10216256  1.05524729 -0.89699734  0.47106204
 -0.49164161  1.41537498 -0.95071886 -1.18347183  1.32830935  0.39985828
  1.53965423  1.45142147  1.05602991 -1.27795805 -0.98026612  0.72875246
  1.57694085 -0.14537555  0.60210978 -0.66627953  0.85897908 -0.56110748
  1.62322063  0.64375114 -0.07255579 -0.7619575   1.25335603 -0.17312038
  1.5648933  -1.24835774  0.80280302  0.79178129  0.70542935  0.07693361
  1.3891565  -1.02604096 -1.21436294 -0.34098571  0.35948608 -0.24115676
 -1.1720088   1.64180261 -0.20415925 -0.21368872 -0.6498103  -0.83303172
  0.97430058  1.52933414  1.14199509  1.39096196  0.0345201   0.523079
 -0.71268155  0.87915428 -1.23535842 -1.12897632  1.58379869  0.36094258
  1.61012036 -0.51565638 -0.51731949  0.63352485  0.98358565 -1.23344217
 -1.08493099 -1.5572463  -0.6774522   1.36893922  0.20267403 -0.51237743
  0.06232534 -0.95751693 -0.07079341  1.63647675 -0.86095124 -0.48247519
 -0.27814526  0.28897965  1.41735228 -1.05854323  0.96719376 -1.1372609
 -1.57172604  0.30412124  0.9558428  -1.24223577 -1.44786179  0.36925259
  1.39927611  0.5586063   0.96326812 -0.53224398  0.85652189  1.37693836
  0.21436126 -1.21056879  0.41951825 -0.85456115 -0.87203039 -1.26381796
  1.05098704  1.25453312 -1.16308321  0.27557632 -0.61956504  1.58347471
 -0.85286143 -0.06585305 -1.56503434 -1.61621515 -0.91676246  0.9417897
  1.25297557  1.23526756  0.58905248  0.48000258  0.9950319  -0.91858148
 -1.38334086  0.53095107  0.11502369  0.87977156 -1.48885933  1.64177113
 -1.60747918 -0.4062358  -0.54659897 -1.06366061 -1.35134405  1.36270265
  1.40637055 -0.20683998  1.6571016  -0.0018049   0.12288723 -0.45757133
 -0.11898459 -0.22675958 -1.66486094 -0.83508833  0.83025816 -0.01937922
  1.42202759  1.10210725 -0.25175603  1.2388186   0.49175151 -0.18627621
 -0.0483081  -0.39150306  0.38289684  0.46419456  1.33597925  0.74291894
 -1.6543842  -0.19816818 -0.66043234 -1.49169305  1.38680525 -1.62001422
  0.83664159  0.75127984 -1.25217631 -0.8548163   1.01806472 -1.28577579
 -0.03218613  1.46811839 -1.27271649  0.66081976  0.97130313  1.01164899
  0.63850973 -0.33724861 -1.26867922 -0.69285658 -1.54858331  0.6279411
  1.25312515  0.28833734  0.71936355  1.18943475  1.50768017  1.26766418
 -1.38352438  1.61381703  0.58525481 -0.09807229  0.14308401 -1.47745434
 -1.60710618 -1.49202592  1.61832602  1.08458737 -0.72765812 -0.19961325
  0.83562215 -1.11550056 -1.21675954 -0.354946   -0.38293363 -0.79165832
 -0.47731453 -1.2806316  -0.30290544 -1.54327514 -0.78877238 -1.26980932
  0.29572001  1.40339236 -1.48238799 -0.20424382 -0.17975008  0.86468994
  0.05698295 -0.7465123  -0.88913243 -0.40688617  1.5785919   0.76272215
 -1.55157851  0.297878    0.91798617  0.09311572  0.46617603 -0.73057713
  0.3246173   1.16445182 -1.26527023  1.17735264  1.63526519  1.12491892
  0.4270704   0.80364017 -0.33069414  0.97785295 -1.56873696  1.00785448
  0.38950229  0.45198432 -0.2188809   0.29381513  1.58703204  1.12232168
  0.62386575  0.99265019  0.24681712 -1.11643159 -1.532633    1.39659995
  1.4225506   0.0342351   1.5913571   1.26418009  1.00340584  0.9236286
 -1.34317092 -1.33934632 -0.77604245 -0.4603658  -1.00287529  1.21482952
  0.93719515 -1.41978244  1.08380009 -0.51944143 -0.78923156  0.87948424
 -0.61841957 -0.33192442  0.21320073  0.85141158  1.03335697  1.27310901
 -0.96975382 -0.48287558 -0.23881331  0.98698285 -0.5997727  -0.33960203
  0.74202625  0.22111731 -1.22825857 -0.63802155  1.5970179  -0.38119457
  0.10398171  0.69738046 -0.8996994   1.21768035  1.33063475  1.4568422
 -0.8200927  -0.71917231 -0.96384527 -0.91919151  1.51073555  1.55816443
 -1.25279577 -1.36901784 -1.02533637 -0.0695427   0.47709155 -0.12835936
  0.91994724 -0.77989703 -0.60893501  0.2837678   0.17821252 -1.14400384
 -1.46515931  0.39994974]
[ 1.          1.20311874  1.12679319  1.30376593 -0.53838485  1.38404085
  0.31611392  1.40714629 -0.08840331 -0.16921315 -1.31441113  0.25544972
 -0.85571974  1.05064519 -0.71416449  0.13640042 -0.0398579   1.46608248
 -0.9021232   0.87356002 -1.17350736  0.46347979 -1.52434337 -0.18581222
  0.62415645 -0.93618929  0.34964434  0.34996554  1.28410253 -1.31252835
  1.208448    1.24713871 -0.27987691  0.89899087 -1.05543025  1.27099938
  1.22110254 -1.2903901  -0.69068467  1.35078391 -0.20924809 -0.35384659
  1.48976169  1.4777082   1.49706221  0.33617531  0.94015102  1.29756395
  0.98171016 -0.35487382  0.95666202  0.42777329 -1.51523406 -0.41962476
  0.94656998 -0.8368474   0.50270358  0.9879054   1.1553009  -0.85026767
 -1.45100408 -0.43928588  0.02222403 -1.18959394 -0.22112859  0.44908533
  1.50001048 -1.17421794  1.31989522  0.70821138  1.53463342 -0.68443722
  0.53709036  1.41060005  1.05903697 -1.2561355   0.83197539 -0.08961673
  0.22263075 -0.74885316 -0.28938626  0.47012532  0.04065223 -0.44064578
 -0.81743824  0.81115457  1.12781256 -0.34695777  1.32476879  0.32253945
  0.96838131  0.85679281 -0.73370912  0.20711415  0.8511687   0.90146706
  1.18688525 -1.49772054 -0.26636735  0.01887638 -0.44452521  1.35570455
 -1.48200458 -0.72029631 -1.17527677 -0.04398862  1.22839463 -0.31354521
 -0.6015808  -1.03563911 -0.16150137 -1.19061286 -1.02411728  0.17001138
 -0.30691676  0.67311959  0.67195446  0.90167741 -1.42777446  0.41192546
 -0.78888012  1.51042172 -1.03488734 -0.77075049 -0.85021702 -0.58009641
  0.30307817 -0.52937304  1.19190568 -0.37784245  1.37230536 -0.77063478
 -0.91122191 -0.81996508  1.36090533  0.27815995  0.26006041  1.22748378
 -0.30832056  1.31820913 -0.42930568 -0.39176551  1.03819481 -0.68090446
 -0.40874786 -1.30744265  0.47553015  0.56889768 -1.00126825  0.92795162
 -1.11816144 -0.24402433 -0.30036639 -0.60256751  0.93822201  1.12124925
 -1.41567763 -0.01805024  0.81778009  0.86824724  1.19773699  1.52582515
  0.88640206 -1.05052903 -0.76077941 -0.049079   -0.62383316  0.52963039
 -0.45621629  1.48893847  1.06957811  0.83025903  1.45292436 -0.81514679
 -1.3119327  -1.3678378   1.22217882 -0.02254801 -0.25980408  0.17873603
 -0.92136193 -0.15715594  1.27118425  0.38920534 -1.44315084 -0.12811
 -1.28020127 -1.24729514  0.58841721 -0.63255074  0.52536195  1.47413317
 -0.42181145  0.36994764  1.50253387 -0.77339961 -0.60714704 -0.66684708
 -1.31669022  0.38899322 -0.10640328  0.56680834 -0.8738454   1.27575543
  1.28195504  0.42188473  1.27529652 -0.79318369  0.11440106  0.46141079
 -0.26882904 -0.15856955  0.57122539 -0.2176969  -0.27240071 -1.25540166
  0.3493761   1.13800842 -0.50806038 -0.92095647 -0.28940418 -1.18741821
  1.22503902 -1.30034401  0.95573699 -0.52764125  0.08885968 -1.01829315
  0.24775703  0.90246211 -1.29594056  0.77156656  0.21175513  0.46833482
 -1.38728818  0.98597995 -0.49109709  0.25098038 -0.19264801 -0.5668817
  0.78001823 -1.03083366  0.64990751  1.32170204 -0.19909098  1.18513808
  0.53942342  0.85201024 -0.45483433 -0.05439507  1.01593572  0.59359869
  1.50340413  0.31817628  0.50125536 -1.10372066  0.70877364  1.05891223
 -1.01619395  0.50426339 -1.28719188 -1.31985321  0.38371883 -1.12964101
  0.4807107  -0.21702726  0.12285973  0.44478803 -0.46292877 -0.32259517
  0.00907507  0.06126064  0.76200067  0.71173496  1.22026902 -0.22586997
 -0.31365296  1.20042364 -0.07525947 -0.80601781 -1.43564269 -0.16271724
 -0.41197534 -0.17120037  0.55988126 -0.36484671 -0.68271028  0.50815905
  0.51449813 -0.03008082  0.00660457  1.24530437 -1.09550744  0.99110371
  0.80112095 -0.12095221 -0.38574623  0.51336697 -0.98723239 -0.22132
 -0.32093527 -0.67887132  0.44700289  0.66405084  0.60941501 -0.59238947
 -1.36660399  0.75264517 -1.08205959 -0.12764911  0.70458734 -0.04745872
 -0.69396744 -0.94547201  0.47292629  1.43776998  0.05797703  0.28982862
  1.42723487  1.35658489  0.52478902  0.82488853  0.08189496  0.69036507
 -0.52689893  0.07387084 -1.36278086  1.02786869  0.81123096 -1.3909193
  1.22174212  1.30853454  0.69876328  0.78695697 -0.29904451  0.53566763
 -0.78336263  1.09189334  1.43737974  0.63154675  0.03308705  0.21838513
 -0.5702986   0.3610971  -0.97465439  0.41817273 -0.00290216  1.09220815
 -1.39348699  1.31627122 -0.02312502 -0.42491545 -0.72888313 -1.35611159
 -0.47090299 -0.27974122  0.82722616  0.78791445 -0.52816872 -0.34972354
 -0.9129781  -0.28996594  0.85656657  0.60041892 -1.4517793  -1.01358997
  0.3329353  -1.30600478 -0.9865196   0.12296259 -0.64553925 -1.26454835
  0.2361649   0.22793483 -0.52492523  1.12260757 -1.52035086 -1.05630537
  1.06334703  0.38980566 -0.38124438  1.1134949  -1.14728899 -0.27853251
 -0.50751928  1.15610639  0.13913234 -1.23347954  0.78694894 -0.77517784
 -0.99127244 -1.33534889  0.11994067 -1.11541739 -1.34422992  0.83289508
 -0.75735005  0.77017782 -0.88020152 -0.28902884  0.25204644  0.1297598
  0.31166063  0.17236474 -0.51536093  1.01447457 -1.12984525  1.42114195
 -0.88734017 -1.46890499  0.1006227   1.52124092 -0.88248549 -0.70176627
  0.51019578 -1.41671612  1.05265456  0.54465622 -0.70512364  0.30286875
  0.65623106 -0.97000681  0.12288223 -1.31827402  1.46135278  0.42336517
 -0.48043336  0.40117481  0.84035128  0.60606015  0.90717165 -1.1809794
 -1.43949616 -0.20425287  0.96066456  0.79174771  1.37006828  1.33204379
  0.4258381   0.0752577   0.23691884  1.03260656 -1.21200841  0.50309924
 -1.48393212  0.76367048 -0.03941302  0.07343801 -0.92293934  0.19228538
  0.8658157  -0.333473    0.8476207   0.65425458 -0.88543281  0.46496294
  0.29481391 -0.13684747 -1.17303362  1.36951303 -0.9663018  -1.07556286
  0.12656338  0.87899928 -0.16833373 -0.68254043  1.47568147  0.9116042
 -0.83710645  0.48922202  1.53048753  0.56408951 -0.83649803 -0.94527235
  0.72294892 -1.05733973 -0.39772561  1.45858976  1.16641129  0.35121819
  0.73674359 -0.85221712 -1.46622766 -0.44132976  0.86479713 -1.45294236
 -0.28767885  0.49814877 -0.13852306 -0.70168812 -0.58246609  1.0864541
  0.89505716 -0.97222915  1.47023857  1.34943819 -0.97072491 -0.22909103
  1.4415382  -0.83301903 -0.68150135  1.48811581 -0.25502513  0.8209127
  1.53069724 -0.62601658 -1.00478729  1.50948024 -0.01371623 -0.52453522
  1.36913199  0.22834019]
expected w_2 is: 
[[0.5858983972718402, -0.41410160272815977], [0.053929919968063254, 1.0539299199680634]]
expected w_3 is: 
[[1.9781221046953708, 0.9781221046953709]]
start step 1: collect decision boundary points
start step 2: recover (\gamma_P, B_P)
5 different MAPs occur
corresponding (\gamma_P, B_P) are: 
boundary point: 0, (\gamma_p, B_P) is [[-1.          1.69470123  0.78927003  0.1612956  -1.58782601 -1.17147164
   1.62341904 -0.62400496  0.07782742  0.25994165  0.63107682  1.62713689
   0.75011558  0.05740731 -0.056188    0.69196287 -1.15691748  0.79885922
  -0.74786184  1.2123367  -1.35826391  1.00578927 -0.86611541  0.99313795
  -0.13394754  0.40931082 -1.4613948   0.75495292 -1.66253588  0.08438336
   0.18093595  1.33676205 -1.12374402  0.54395779  1.40034831 -1.5275105
  -1.21199373 -1.00792597 -1.51696041 -0.06535396 -1.29279135  0.90479543
  -0.42487081 -0.0170997   0.86853946 -1.02733684  0.83583324 -0.19251748
  -1.64593561  0.91043906  1.59294505  0.28066998 -1.64696913 -1.09863533
   1.52742359  0.87269243  0.72324894  1.31163035  0.87508751 -0.49221667
   0.41261497  1.24328531 -0.88905219  1.55560749 -1.06159106 -0.49568273
   1.41750284 -0.07707767  1.09933131  1.58907292  0.7689776   0.91386207
   0.44910637  0.03814172  1.51539486 -0.53949924  0.47046735 -0.45514214
  -1.51101784 -0.6413993  -1.37677159  1.60672704  1.59121441 -0.03573524
  -0.21601684 -0.09973863  0.15988152  0.61441129  1.27018903  1.05614689
  -0.12086652 -0.0403013  -0.69807489 -0.57936923 -1.31879718 -0.78153182
  -0.85813349 -1.0677927  -1.50308054 -0.03896266  1.39304713  1.29552689
   0.39108253 -0.82419184 -0.619799    1.30759021  0.49737495 -1.02793309
   0.06723042  0.09970789  0.05993428  0.8185001   0.61843511  0.06123313
  -1.47402756  0.85654661 -1.10739751 -1.08307367 -0.11116711 -1.36381258
  -0.53553471  0.21659475 -1.38771573  1.34341229  1.43692535 -0.86870371
   1.10769454  1.17322124  1.06055889  1.56887867 -0.14955238 -1.33190157
  -0.31725241  1.41125573  0.01283381 -0.60358619  1.1927762   1.67197047
   1.218076   -0.06686978 -1.33202033 -1.65951028  1.57677955  0.87377099
   1.46750159  0.5453419  -0.67618851  0.32394932  0.419904    1.55843117
   1.22652613 -0.43908635  1.3934505  -0.02366453  1.13013761  0.20460367
   1.24268727  1.1517975  -1.35006961 -1.62078016  1.48145067  1.39978923
  -1.41105868 -1.54676291  1.60477593 -0.67096407  1.16881763 -0.71844924
  -0.68613338  1.16036583  0.78820939 -1.41852462 -0.2642664  -0.86138497
   0.24157774 -0.34088035 -1.47604881 -0.97475415 -1.26650435  1.31045077
   1.45389148  1.52547192  0.20447685 -0.2869882   0.02817972  1.123647
  -0.30116217  1.23647305 -0.69727591  1.42258408  0.42530479  0.31112066
  -1.25113266 -0.15252059 -0.08691264 -1.69309622  0.93901886  1.35309583
   0.62645306 -0.17183833  0.10216256  1.05524711 -0.89699732  0.47106204
  -0.49164154  1.41537508 -0.95071866 -1.18347162  1.32830964  0.39985831
   1.53965446  1.45142136  1.05603003 -1.27795763 -0.98026594  0.72875253
   1.5769402  -0.14537555  0.60210984 -0.66627939  0.85897917 -0.56110737
   1.62322118  0.64375103 -0.07255579 -0.76195733  1.25335615 -0.17312038
   1.56489299 -1.24835802  0.80280315  0.7917814   0.70542919  0.07693361
   1.38915651 -1.026041   -1.21436251 -0.34098569  0.35948607 -0.24115674
  -1.17200868  1.64180191 -0.20415923 -0.2136887  -0.64981033 -0.8330315
   0.9743003   1.52933396  1.1419951   1.39096169  0.0345201   0.52307891
  -0.71268161  0.8791541  -1.2353581  -1.12897607  1.58379909  0.36094261
   1.61011971 -0.51565629 -0.51731943  0.63352476  0.98358558 -1.23344232
  -1.08493066 -1.55724598 -0.67745212  1.36893866  0.20267403 -0.51237747
   0.06232534 -0.95751704 -0.07079341  1.63647681 -0.86095114 -0.48247512
  -0.27814524  0.28897964  1.41735198 -1.05854295  0.96719377 -1.13726122
  -1.57172633  0.30412122  0.95584265 -1.24223529 -1.44786182  0.36925259
   1.39927618  0.55860623  0.96326805 -0.532244    0.85652185  1.37693821
   0.21436125 -1.21056837  0.41951825 -0.85456116 -0.87203019 -1.26381829
   1.05098711  1.25453316 -1.16308312  0.27557632 -0.61956497  1.58347501
  -0.85286127 -0.06585305 -1.56503412 -1.61621501 -0.91676218  0.94178984
   1.25297589  1.2352675   0.58905244  0.48000257  0.99503212 -0.91858124
  -1.38334109  0.53095109  0.11502369  0.87977134 -1.48885989  1.64177053
  -1.60747872 -0.40623575 -0.54659896 -1.06366079 -1.35134395  1.36270268
   1.40637007 -0.20683996  1.65710123 -0.0018049   0.12288722 -0.45757133
  -0.11898459 -0.22675959 -1.66486073 -0.83508811  0.83025811 -0.01937922
   1.42202712  1.10210711 -0.25175602  1.23881886  0.49175145 -0.18627621
  -0.0483081  -0.391503    0.38289682  0.46419455  1.33597929  0.74291896
  -1.65438366 -0.19816817 -0.66043239 -1.49169359  1.386805   -1.62001446
   0.83664163  0.75127975 -1.25217588 -0.85481628  1.01806495 -1.28577564
  -0.03218612  1.46811859 -1.2727165   0.66081979  0.97130317  1.01164915
   0.63850962 -0.33724859 -1.26867886 -0.69285644 -1.54858379  0.62794117
   1.25312486  0.28833734  0.71936347  1.18943498  1.50768018  1.2676641
  -1.3835238   1.61381623  0.58525479 -0.09807229  0.143084   -1.47745402
  -1.6071058  -1.49202524  1.61832666  1.08458751 -0.727658   -0.19961323
   0.83562224 -1.11550038 -1.21675952 -0.35494598 -0.38293361 -0.79165844
  -0.47731455 -1.28063164 -0.30290542 -1.54327536 -0.78877249 -1.26980881
   0.29572     1.40339228 -1.48238766 -0.20424382 -0.17975008  0.86468992
   0.05698295 -0.74651225 -0.88913225 -0.40688614  1.57859205  0.76272218
  -1.55157816  0.29787798  0.91798635  0.09311572  0.46617601 -0.73057724
   0.32461726  1.16445168 -1.26527031  1.1773523   1.63526494  1.12491912
   0.42707041  0.80364022 -0.33069414  0.9778528  -1.56873684  1.00785442
   0.38950231  0.45198427 -0.21888088  0.2938151   1.58703248  1.1223213
   0.62386583  0.99265019  0.24681712 -1.11643189 -1.53263292  1.39659962
   1.4225511   0.0342351   1.59135738  1.26418005  1.00340602  0.92362838
  -1.34317072 -1.33934656 -0.77604255 -0.46036584 -1.00287534  1.21482965
   0.93719524 -1.4197825   1.08379997 -0.51944134 -0.78923159  0.87948399
  -0.61841952 -0.33192438  0.21320071  0.85141152  1.03335677  1.27310885
  -0.96975375 -0.48287557 -0.23881331  0.98698278 -0.59977278 -0.33960202
   0.74202627  0.22111731 -1.22825887 -0.63802161  1.5970172  -0.38119459
   0.10398171  0.69738035 -0.89969933  1.21768059  1.33063477  1.45684178
  -0.82009266 -0.71917225 -0.96384523 -0.91919165  1.51073615  1.55816403
  -1.25279589 -1.36901829 -1.02533616 -0.0695427   0.47709159 -0.12835936
   0.91994719 -0.77989698 -0.60893509  0.28376777  0.1782125  -1.14400345
  -1.46515871  0.39994972 -0.87671039]]
boundary point: 1, (\gamma_p, B_P) is [[-1.          2.30823089  1.19494404  0.47148659 -2.03798696 -1.12645404
   2.03405389 -0.45818736  0.0755875   0.27914883  0.48639094  2.02571706
   0.72774924  0.292011   -0.21929162  0.86734325 -1.41029533  1.27839983
  -1.09720046  1.65396637 -1.89429608  1.31686337 -1.37223098  1.16406112
  -0.030156    0.29775274 -1.69676834  0.98888653 -1.74264484 -0.17564843
   0.47510381  1.88382928 -1.42091685  0.84946321  1.47336389 -1.58180711
  -1.21005422 -1.4945316  -1.9843633   0.2068064  -1.61080056  1.02143765
  -0.19940104  0.29215019  1.36939258 -1.17366447  1.2118484   0.04145208
  -1.78655436  1.02805857  2.13274825  0.43066358 -2.31647548 -1.42008059
   2.05121919  0.88027351  0.98280908  1.79849043  1.30496608 -0.77645186
   0.19275651  1.41350136 -1.07257454  1.63308715 -1.33316769 -0.50554404
   2.0352057  -0.34200955  1.61153642  2.07545425  1.25670625  0.96242893
   0.65790629  0.34487859  2.06045693 -0.91967781  0.74622464 -0.5704779
  -1.78379043 -0.93574653 -1.72952756  2.0464375   1.93670854 -0.13659746
  -0.43482483  0.050888    0.43251915  0.67103247  1.81959822  1.34804096
   0.05857606  0.13257207 -1.00121548 -0.65818027 -1.41779413 -0.75613116
  -0.78851979 -1.61096973 -1.87770592 -0.04321509  1.59386132  1.85685098
   0.16010166 -1.15119318 -0.99985836  1.5751156   0.86276188 -1.31194987
  -0.04590641 -0.0984546   0.03842927  0.73970613  0.53253569  0.11019318
  -1.85108694  1.1804093  -1.19958145 -1.12146999 -0.43700099 -1.56533928
  -0.81594336  0.58224819 -1.90063134  1.46464783  1.56113317 -1.17544557
   1.40638273  1.3095298   1.53745539  1.82103706  0.10933839 -1.77705206
  -0.57735015  1.53643378  0.30369087 -0.67248187  1.50036984  2.28584806
   1.41068327  0.19807272 -1.70492669 -2.09380556  2.13042351  0.91459767
   1.69165414  0.38397966 -0.71866683  0.51298577  0.29680971  2.08484882
   1.2494584  -0.5837149   1.62487156 -0.15625431  1.56805386  0.48532016
   1.20604895  1.39183165 -1.46275605 -1.78009572  2.0486924   2.01920533
  -1.52212816 -2.09666497  1.78345711 -0.82341009  1.2841946  -0.75842037
  -0.92799285  1.7212844   1.18154505 -1.54306328 -0.01259339 -1.21634343
   0.01495285 -0.70265823 -1.52978608 -1.18590036 -1.58965225  1.62573878
   1.56662825  1.81516679  0.51691162 -0.26534341 -0.27140761  1.33441755
  -0.63597599  1.23416979 -0.72031778  1.58984201  0.62658215  0.68910351
  -1.60532776 -0.10648407  0.21281288 -2.21530153  1.00927663  1.49837949
   0.48030558 -0.12585925  0.10126373  1.39867013 -1.27192312  0.84090547
  -0.32430657  1.80435927 -0.88198809 -1.60197167  1.6337565   0.58220814
   1.80870755  1.72513885  1.4005538  -1.59461582 -1.24548007  0.61723994
   1.98477825  0.06479263  0.62201679 -1.00233353  0.97956504 -0.93131153
   2.22625901  0.50472687  0.11443787 -1.0349928   1.53752694 -0.42537271
   1.94866548 -1.32158097  0.69838505  1.12277606  0.899615    0.19238073
   1.38953852 -1.03451353 -1.57544349 -0.36003905  0.39480681 -0.41223775
  -1.25499229  1.77114557 -0.10978055  0.02090921 -0.82953931 -0.75847361
   1.29478678  2.03351459  1.28747442  1.67393516  0.25692923  0.75950436
  -0.54525778  1.13265303 -1.39077589 -1.60168641  2.06918245  0.66156029
   1.73585531 -0.5180637  -0.89937764  0.48820493  1.27307112 -1.73375842
  -1.21285022 -1.93289315 -0.79486779  1.75294004  0.14756926 -0.68915852
   0.07744212 -1.1472694   0.07555424  2.13364088 -0.78486591 -0.63244612
  -0.40344211  0.60432336  1.70149553 -1.45331096  0.86800146 -1.41249029
  -1.9917135   0.33226128  1.27675336 -1.58248609 -1.89894647  0.55502056
   1.80445972  0.67050397  1.16860694 -0.38126514  0.80591422  1.87830332
   0.42936392 -1.49247631  0.42666471 -0.92679286 -1.26567766 -1.5782498
   1.20554878  1.37640428 -1.31468568  0.47451776 -0.62170819  1.7932996
  -1.32277355  0.07955975 -2.12547886 -1.98542279 -0.96167685  1.13113469
   1.37132075  1.29661319  0.81389617  0.88604153  1.21797237 -1.05169676
  -1.37403417  0.93058762  0.25048798  1.24068509 -1.78673645  2.1355319
  -2.0593677  -0.47660254 -0.95086021 -1.07122893 -1.46568746  1.3567161
   1.96279833  0.02642004  2.15588543  0.16443271  0.08558888 -0.441032
  -0.31003441 -0.0435856  -1.71300842 -0.87817577  1.01304326  0.02275581
   1.60234819  1.41189594 -0.51141746  1.58963607  0.59524939  0.00553546
  -0.35357402 -0.19570134  0.45906655  0.47250661  1.46450549  0.6130828
  -2.10434899 -0.29935247 -0.62511139 -1.64068711  1.56858788 -2.03704454
   0.82047139  0.84894523 -1.33592527 -0.90867082  0.92622624 -1.77260022
   0.03149079  1.50242855 -1.75104438  0.82676123  1.04026714  0.95809375
   0.82369552 -0.3603901  -1.64842141 -0.6018603  -2.19834429  0.53723904
   1.74357158  0.43191554  0.79094554  1.67701527  1.58396993  1.47707802
  -1.78389601  2.20026726  0.73862134 -0.37999638  0.33999539 -1.95438261
  -2.15723627 -2.09064352  1.9863479   1.07804979 -1.16632524 -0.06552874
   0.8521865  -1.18860383 -1.66073107 -0.49128921 -0.41064237 -0.93179241
  -0.51238343 -1.51526922 -0.47615131 -1.65522208 -1.19498726 -1.23775586
   0.17045548  1.38950818 -1.7749297   0.07460145 -0.40465198  0.89917711
   0.17706924 -1.20451843 -0.85450208 -0.37771276  1.76351327  0.98832902
  -1.74113304  0.15556763  1.13835689 -0.16628379  0.87428102 -0.79561505
   0.29162382  1.49592535 -1.35522526  1.5549373   2.1735519   1.11303886
   0.21270891  0.93053873 -0.1973095   1.35251527 -1.61078546  1.50326336
   0.56212798  0.56361122 -0.21505974  0.57465112  1.6664191   1.46645563
   0.44176098  1.36450042  0.29072777 -1.33725109 -2.05252783  1.7329959
   1.9070451  -0.02912185  2.10773883  1.67035136  1.02837427  1.2176219
  -1.56512394 -1.65188304 -1.18870663 -0.26787078 -1.41979306  1.24430466
   1.16241263 -1.53426719  1.27761834 -0.7739282  -0.64388445  1.25869688
  -0.92658742 -0.2986172   0.58238399  1.15110293  1.07502764  1.34250841
  -1.02199971 -0.8089756  -0.37358333  1.50476702 -0.47979465 -0.33713939
   1.05511426  0.08749459 -1.79874087 -0.8665431   2.11823534 -0.76952665
   0.06508716  0.95049932 -1.11950999  1.32691846  1.48902893  1.99531288
  -0.80421316 -1.0772805  -0.85661922 -0.82808826  1.625056    1.83954932
  -1.21282197 -1.83523398 -1.38670986  0.23080764  0.5241045   0.01827383
   1.43880508 -1.07755889 -0.95059714  0.66344342  0.21303909 -1.49726689
  -1.48547671  0.53297168 -1.25453024]]
boundary point: 5, (\gamma_p, B_P) is [[ 1.00000000e+00  1.35942360e+00  1.23014889e+00  1.38280219e+00
  -6.53063508e-01  1.39553095e+00  4.20720576e-01  1.44940825e+00
  -8.89753247e-02 -1.64323231e-01 -1.35128868e+00  3.56984128e-01
  -8.61431189e-01  1.11042307e+00 -7.55723710e-01  1.81077364e-01
  -1.04401848e-01  1.58826052e+00 -9.91125172e-01  9.86070719e-01
  -1.31007004e+00  5.42727404e-01 -1.65329149e+00 -1.42275841e-01
   6.50605428e-01 -9.64621825e-01  2.89693127e-01  4.09561307e-01
   1.26371696e+00 -1.37878810e+00  1.28340123e+00  1.38651400e+00
  -3.55580647e-01  9.76826984e-01 -1.03684800e+00  1.25718906e+00
   1.22161679e+00 -1.41436482e+00 -8.09758034e-01  1.42013341e+00
  -2.90258337e-01 -3.24140020e-01  1.54721982e+00  1.55650809e+00
   1.62466873e+00  2.98906590e-01  1.03594893e+00  1.35718447e+00
   9.45906008e-01 -3.24918271e-01  1.09418232e+00  4.65988238e-01
  -1.68580277e+00 -5.01513686e-01  1.08001246e+00 -8.34929830e-01
   5.68829671e-01  1.11193953e+00  1.26482318e+00 -9.22684883e-01
  -1.50703213e+00 -3.95933610e-01 -2.45243990e-02 -1.16987699e+00
  -2.90310966e-01  4.46580643e-01  1.65738259e+00 -1.24172351e+00
   1.45039084e+00  8.32119221e-01  1.65889815e+00 -6.72076994e-01
   5.90286841e-01  1.48875796e+00  1.19789856e+00 -1.35299885e+00
   9.02232842e-01 -1.18997747e-01  1.53150952e-01 -8.23844829e-01
  -3.79249051e-01  5.82140668e-01  1.28661047e-01 -4.66345704e-01
  -8.73188767e-01  8.49537143e-01  1.19727995e+00 -3.32540206e-01
   1.46474148e+00  3.96899268e-01  1.01410648e+00  9.00842891e-01
  -8.10940270e-01  1.87041932e-01  8.25965066e-01  9.07951915e-01
   1.20463752e+00 -1.63610901e+00 -3.61800260e-01  1.77934643e-02
  -3.93378824e-01  1.49871281e+00 -1.54086691e+00 -8.03605257e-01
  -1.27210866e+00  2.41577518e-02  1.32148948e+00 -3.85898214e-01
  -6.30409897e-01 -1.08613374e+00 -1.66981977e-01 -1.21070316e+00
  -1.04601505e+00  1.82485786e-01 -4.02970468e-01  7.55628313e-01
   6.48483109e-01  8.91911097e-01 -1.51079726e+00  3.60596989e-01
  -8.60321676e-01  1.60358958e+00 -1.16556007e+00 -7.39880703e-01
  -8.18590970e-01 -6.58242303e-01  3.79168111e-01 -4.94659561e-01
   1.31340520e+00 -3.13615821e-01  1.43827508e+00 -8.84040866e-01
  -9.77491709e-01 -7.88091515e-01  1.43501815e+00  2.60614606e-01
   3.38418081e-01  1.38387708e+00 -2.59262379e-01  1.38571997e+00
  -5.24303638e-01 -5.02399954e-01  1.17924174e+00 -6.70515749e-01
  -3.51655913e-01 -1.34856793e+00  4.64717273e-01  6.17060360e-01
  -1.03264061e+00  1.06206161e+00 -1.11233838e+00 -2.80869678e-01
  -2.41420969e-01 -6.36351959e-01  1.04978810e+00  1.19277455e+00
  -1.42503377e+00  4.30934652e-02  7.89088403e-01  8.27678540e-01
   1.34225038e+00  1.68363522e+00  8.58123203e-01 -1.19062282e+00
  -7.15276144e-01 -8.79125022e-02 -5.94453326e-01  5.19457045e-01
  -5.17832748e-01  1.63184618e+00  1.16979016e+00  7.98548795e-01
   1.51705685e+00 -9.05579035e-01 -1.36968190e+00 -1.46001623e+00
   1.20851013e+00 -7.63338718e-02 -3.42124112e-01  2.59052602e-01
  -8.92659079e-01 -8.33643240e-02  1.35079144e+00  3.94725258e-01
  -1.51948815e+00 -7.44221609e-02 -1.36550904e+00 -1.24790191e+00
   5.82557379e-01 -5.89955217e-01  5.76642046e-01  1.57044045e+00
  -5.12042718e-01  3.81680532e-01  1.57890687e+00 -9.06434290e-01
  -5.89260140e-01 -6.29849428e-01 -1.35393933e+00  4.00711868e-01
  -1.06633962e-01  6.54297906e-01 -9.69364703e-01  1.36998663e+00
   1.32460118e+00  5.20977632e-01  1.29282540e+00 -8.99801114e-01
   1.92209899e-01  5.07868410e-01 -2.00297262e-01 -8.88478089e-02
   6.58995488e-01 -2.98363028e-01 -3.39963295e-01 -1.28382801e+00
   4.53270631e-01  1.19156340e+00 -5.02997598e-01 -1.00657480e+00
  -2.58691858e-01 -1.28173995e+00  1.37867082e+00 -1.33577881e+00
   1.00338551e+00 -5.97200421e-01  1.61248263e-01 -1.08256590e+00
   3.45519561e-01  8.83824382e-01 -1.32255970e+00  8.55893721e-01
   2.61223673e-01  4.97750339e-01 -1.38721373e+00  9.83837926e-01
  -5.83083313e-01  2.46130981e-01 -1.83653857e-01 -6.10470522e-01
   7.58892410e-01 -9.97902899e-01  6.73959213e-01  1.38148230e+00
  -2.44876702e-01  1.20414950e+00  6.21069886e-01  9.80453913e-01
  -4.17783617e-01  1.76862005e-02  1.07260668e+00  6.53833247e-01
   1.54607666e+00  3.82755383e-01  4.61673868e-01 -1.22415245e+00
   8.32427260e-01  1.13550606e+00 -9.84181729e-01  5.03658378e-01
  -1.38453509e+00 -1.35689183e+00  4.57465938e-01 -1.25710534e+00
   4.48133450e-01 -3.12719507e-01  9.29523262e-02  5.42612213e-01
  -4.76973177e-01 -3.67632045e-01  1.29259311e-02  1.29258510e-02
   7.99292215e-01  8.38389501e-01  1.23966987e+00 -2.64075884e-01
  -3.45575023e-01  1.28077103e+00 -2.88056660e-03 -9.06590226e-01
  -1.46093375e+00 -2.32829300e-01 -5.18965897e-01 -1.64035010e-01
   6.41635977e-01 -4.51524907e-01 -7.97626739e-01  5.55488047e-01
   6.17719315e-01 -1.57751694e-03  5.89108204e-02  1.28378388e+00
  -1.10841636e+00  1.11883268e+00  8.55901823e-01 -1.92764616e-01
  -3.83932035e-01  4.94975667e-01 -1.08752258e+00 -3.01418969e-01
  -2.81568874e-01 -6.47838019e-01  4.08392316e-01  7.14738123e-01
   6.08878982e-01 -5.38950373e-01 -1.48632749e+00  7.89698492e-01
  -1.22484019e+00 -2.21699697e-01  6.93157510e-01  7.72492120e-04
  -6.63832568e-01 -9.29860811e-01  5.30208631e-01  1.54122355e+00
   1.14767849e-01  2.55924803e-01  1.42962892e+00  1.45840623e+00
   5.59304389e-01  9.16838017e-01  6.01760037e-03  8.16152288e-01
  -6.42017709e-01  5.59474650e-02 -1.46578125e+00  1.02595766e+00
   7.82117105e-01 -1.39246678e+00  1.36350193e+00  1.36797397e+00
   8.25830073e-01  8.29315461e-01 -3.08550422e-01  5.39889355e-01
  -8.32041441e-01  1.13857115e+00  1.42513779e+00  6.20581259e-01
   7.96486694e-02  2.29121768e-01 -5.24374692e-01  4.40015829e-01
  -1.04081418e+00  5.07543575e-01  2.34618801e-02  1.14108640e+00
  -1.47127060e+00  1.36616925e+00 -3.72262789e-03 -4.22804968e-01
  -6.96155324e-01 -1.38920705e+00 -5.85530456e-01 -3.05520529e-01
   8.36236830e-01  7.49973791e-01 -4.81871423e-01 -4.55959809e-01
  -9.17112100e-01 -2.65092260e-01  8.35246857e-01  5.86710248e-01
  -1.47519708e+00 -1.13761591e+00  3.49161180e-01 -1.29728583e+00
  -1.10838060e+00  1.65234977e-01 -6.27982482e-01 -1.27821055e+00
   2.83341277e-01  2.22043659e-01 -6.21665668e-01  1.14580563e+00
  -1.68588880e+00 -1.07942684e+00  1.18829635e+00  4.26385791e-01
  -3.63016421e-01  1.23771484e+00 -1.12787393e+00 -2.25192919e-01
  -6.09514515e-01  1.30551249e+00  1.78201800e-01 -1.30531410e+00
   8.37121044e-01 -8.96678957e-01 -1.13142373e+00 -1.48785672e+00
   2.13689235e-01 -1.11710049e+00 -1.45599356e+00  8.67063970e-01
  -7.53142888e-01  7.51568643e-01 -9.93309068e-01 -3.23764402e-01
   2.44992253e-01  9.40654132e-02  3.02732587e-01  1.12598092e-01
  -5.59500383e-01  9.85974513e-01 -1.23333872e+00  1.42933038e+00
  -9.19263460e-01 -1.47246604e+00  2.61046964e-02  1.59229544e+00
  -9.39789369e-01 -6.92992824e-01  5.40793819e-01 -1.53340719e+00
   1.06149333e+00  5.52096479e-01 -6.58029764e-01  3.60342707e-01
   6.07956346e-01 -1.00627352e+00  1.79019512e-01 -1.38437220e+00
   1.56533357e+00  4.06804825e-01 -4.88845610e-01  4.85617991e-01
   8.17450511e-01  7.02252386e-01  1.04430465e+00 -1.18402463e+00
  -1.49412346e+00 -1.71931161e-01  9.94657086e-01  8.87198713e-01
   1.35937950e+00  1.45826140e+00  4.69818136e-01  1.03693747e-01
   2.37896061e-01  1.10416127e+00 -1.19180560e+00  5.90769130e-01
  -1.53034342e+00  8.58404474e-01 -2.82282629e-02  1.71897651e-02
  -1.05538778e+00  2.77978985e-01  9.89245266e-01 -3.49617358e-01
   9.79172555e-01  7.57729612e-01 -8.79087069e-01  5.39859665e-01
   2.38280526e-01 -2.16462498e-01 -1.27817060e+00  1.41856913e+00
  -1.07251963e+00 -1.06807217e+00  1.83935212e-01  8.49850648e-01
  -1.18964910e-01 -7.47377074e-01  1.51273018e+00  1.00821640e+00
  -9.15619840e-01  4.97714288e-01  1.62455504e+00  6.40439299e-01
  -8.25896770e-01 -9.27609534e-01  7.09652055e-01 -1.14042437e+00
  -4.32062179e-01  1.59050877e+00  1.19699215e+00  3.51851161e-01
   8.16508762e-01 -8.86268698e-01 -1.61157119e+00 -4.99548364e-01
   9.97581304e-01 -1.55188651e+00 -2.97591147e-01  5.62634054e-01
  -1.94517935e-01 -6.73873297e-01 -5.42127470e-01  1.22363629e+00
   8.99116874e-01 -1.06346590e+00  1.49757622e+00  1.37266735e+00
  -9.41619496e-01 -1.57417138e-01  1.45174392e+00 -9.51792631e-01
  -7.73565428e-01  1.56464785e+00 -2.43053623e-01  8.58277965e-01
   1.66289152e+00 -7.01850451e-01 -1.09183539e+00  1.60621929e+00
  -4.84504568e-03 -6.14530852e-01  1.36397825e+00  2.62228698e-01
  -1.80527901e+00]]
boundary point: 11, (\gamma_p, B_P) is [[ 1.          1.20311564  1.12679094  1.30376284 -0.53838356  1.38403762
   0.31611322  1.407143   -0.08840311 -0.16921276 -1.31440806  0.25544913
  -0.85571765  1.0506426  -0.71416291  0.13640011 -0.03985781  1.46607895
  -0.90212103  0.87355817 -1.17350494  0.46347873 -1.52434038 -0.1858118
   0.62415504 -0.9361871   0.34964354  0.34996477  1.28409958 -1.3125252
   1.20844552  1.24713553 -0.27987626  0.8989889  -1.05542798  1.27099624
   1.22110016 -1.2903871  -0.69068319  1.35078082 -0.20924761 -0.3538458
   1.48975847  1.47770437  1.49705944  0.33617457  0.94014886  1.29756116
   0.98170777 -0.35487303  0.95665967  0.42777235 -1.51523046 -0.41962379
   0.94656789 -0.83684539  0.5027025   0.98790335  1.15529847 -0.85026579
  -1.45100089 -0.43928485  0.02222398 -1.18959146 -0.2211281   0.4490843
   1.50000697 -1.17421557  1.31989246  0.70820982  1.53463037 -0.6844356
   0.53708906  1.4105964   1.0590343  -1.25613288  0.83197335 -0.08961653
   0.22263025 -0.74885152 -0.28938561  0.47012425  0.04065214 -0.44064479
  -0.81743651  0.81115277  1.12781026 -0.34695695  1.32476563  0.32253869
   0.96837899  0.85679096 -0.73370733  0.20711368  0.85116686  0.90146495
   1.18688269 -1.49771722 -0.26636673  0.01887634 -0.44452417  1.35570116
  -1.48200147 -0.72029453 -1.1752743  -0.04398852  1.22839149 -0.3135445
  -0.60157937 -1.03563668 -0.161501   -1.19061045 -1.02411495  0.17001099
  -0.30691605  0.67311818  0.67195292  0.9016755  -1.4277707   0.41192452
  -0.78887825  1.5104187  -1.03488495 -0.77074878 -0.85021487 -0.58009501
   0.30307749 -0.52937182  1.19190317 -0.3778416   1.37230222 -0.77063296
  -0.9112199  -0.8199631   1.36090214  0.27815933  0.26005981  1.22748134
  -0.30831984  1.31820623 -0.4293047  -0.39176458  1.03819263 -0.68090288
  -0.40874697 -1.30743994  0.4755291   0.56889635 -1.00126624  0.92794974
  -1.1181591  -0.24402377 -0.30036573 -0.60256621  0.9382199   1.12124675
  -1.41567482 -0.0180502   0.81777814  0.86824536  1.19773403  1.52582147
   0.88639993 -1.05052632 -0.76077771 -0.04907888 -0.62383185  0.52962918
  -0.45621529  1.48893473  1.06957564  0.83025731  1.45292134 -0.81514506
  -1.31192983 -1.36783456  1.2221756  -0.02254796 -0.25980348  0.17873561
  -0.92135971 -0.15715558  1.27118151  0.38920442 -1.44314769 -0.12810971
  -1.28019839 -1.24729217  0.58841591 -0.63254927  0.52536071  1.47413001
  -0.42181047  0.36994683  1.50253105 -0.77339792 -0.6071457  -0.6668455
  -1.31668675  0.3889923  -0.10640303  0.56680714 -0.87384343  1.27575217
   1.28195228  0.42188381  1.27529381 -0.79318186  0.1144008   0.46140976
  -0.26882844 -0.1585692   0.5712241  -0.2176964  -0.2724001  -1.25539856
   0.34937526  1.1380055  -0.50805915 -0.92095421 -0.28940355 -1.18741509
   1.22503583 -1.30034056  0.9557347  -0.52763997  0.08885948 -1.01829063
   0.24775645  0.90245986 -1.29593734  0.77156466  0.21175465  0.46833374
  -1.38728542  0.98597791 -0.49109597  0.2509798  -0.19264757 -0.56688045
   0.78001631 -1.03083135  0.64990595  1.32169891 -0.19909054  1.18513546
   0.53942217  0.85200815 -0.4548333  -0.05439495  1.01593314  0.59359724
   1.50340017  0.31817553  0.50125425 -1.10371792  0.70877198  1.05890962
  -1.01619154  0.50426228 -1.28718889 -1.31984987  0.38371791 -1.12963824
   0.48070957 -0.21702676  0.12285945  0.44478703 -0.46292772 -0.32259441
   0.00907505  0.0612605   0.7619989   0.71173326  1.22026665 -0.22586944
  -0.31365224  1.20042048 -0.0752593  -0.80601594 -1.43563932 -0.16271686
  -0.4119744  -0.17119998  0.55988001 -0.36484584 -0.68270875  0.50815789
   0.514497   -0.03008076  0.00660455  1.24530132 -1.09550521  0.99110116
   0.80111929 -0.12095194 -0.38574537  0.51336578 -0.98723006 -0.2213195
  -0.32093451 -0.67886985  0.44700185  0.66404939  0.60941354 -0.59238819
  -1.36660069  0.75264335 -1.08205724 -0.12764882  0.70458584 -0.04745861
  -0.69396585 -0.94546977  0.47292518  1.43776713  0.05797689  0.28982796
   1.42723219  1.35658218  0.52478779  0.82488675  0.08189478  0.69036346
  -0.52689768  0.07387067 -1.36277727  1.02786605  0.81122899 -1.39091664
   1.22173929  1.30853138  0.69876171  0.78695509 -0.29904384  0.53566645
  -0.78336066  1.09189091  1.43737618  0.63154521  0.03308697  0.21838463
  -0.57029723  0.36109623 -0.9746524   0.41817177 -0.00290216  1.09220536
  -1.39348328  1.3162681  -0.02312497 -0.42491453 -0.72888146 -1.35610888
  -0.47090193 -0.27974059  0.82722421  0.7879126  -0.52816749 -0.34972276
  -0.91297625 -0.28996528  0.85656455  0.60041755 -1.45177582 -1.01358775
   0.33293454 -1.30600176 -0.98651747  0.1229623  -0.64553788 -1.26454574
   0.23616436  0.2279343  -0.52492409  1.12260512 -1.5203474  -1.05630274
   1.06334478  0.38980474 -0.38124348  1.11349262 -1.14728625 -0.27853188
  -0.50751809  1.15610391  0.13913202 -1.23347686  0.78694716 -0.77517591
  -0.99127043 -1.33534585  0.1199404  -1.11541492 -1.34422693  0.83289338
  -0.75734848  0.7701759  -0.88019954 -0.28902816  0.25204585  0.1297595
   0.3116599   0.17236435 -0.51535975  1.01447237 -1.12984254  1.421139
  -0.88733802 -1.46890187  0.10062247  1.52123726 -0.88248328 -0.70176473
   0.51019455 -1.41671265  1.05265241  0.54465501 -0.70512199  0.30286804
   0.65622958 -0.97000452  0.12288195 -1.31827097  1.46135005  0.42336417
  -0.48043224  0.40117393  0.84034935  0.60605871  0.90716947 -1.18097649
  -1.43949346 -0.20425241  0.96066212  0.79174601  1.3700653   1.33204098
   0.42583716  0.07525753  0.23691832  1.03260399 -1.2120057   0.50309806
  -1.48392929  0.76366878 -0.03941293  0.07343784 -0.92293719  0.19228494
   0.86581379 -0.33347222  0.84761872  0.65425305 -0.88543098  0.4649619
   0.29481321 -0.13684716 -1.17303059  1.36950939 -0.96629943 -1.07556068
   0.12656309  0.87899711 -0.16833334 -0.68253896  1.47567859  0.91160188
  -0.83710473  0.48922091  1.53048384  0.5640883  -0.8364962  -0.94527001
   0.72294732 -1.05733705 -0.39772467  1.45858701  1.16640839  0.35121738
   0.73674206 -0.85221525 -1.46622409 -0.44132872  0.86479525 -1.45293855
  -0.28767819  0.49814767 -0.13852274 -0.70168648 -0.58246475  1.08645176
   0.8950551  -0.97222716  1.47023562  1.34943547 -0.97072251 -0.22909051
   1.44153474 -0.83301696 -0.68149981  1.48811189 -0.25502454  0.82091088
   1.53069384 -0.62601523 -1.00478513  1.50947646 -0.0137162  -0.52453399
   1.36912848  0.22833968 -1.70404847]]
boundary point: 113, (\gamma_p, B_P) is [[-1.00000000e+00  4.94708846e-01 -4.17486106e-03 -4.45388150e-01
  -7.07358073e-01 -1.25949508e+00  8.20254372e-01 -9.48303612e-01
   8.22068089e-02  2.22370525e-01  9.14045370e-01  8.47553906e-01
   7.93845248e-01 -4.01438464e-01  2.62815868e-01  3.48935876e-01
  -6.61330076e-01 -1.39056591e-01 -6.46003248e-02  3.48563278e-01
  -3.09853292e-01  3.97362036e-01  1.23777197e-01  6.58822378e-01
  -3.36943409e-01  6.27491173e-01 -1.00101596e+00  2.97404090e-01
  -1.50582349e+00  5.92959453e-01 -3.94409629e-01  2.66764127e-01
  -5.42501524e-01 -5.35695062e-02  1.25751574e+00 -1.42128714e+00
  -1.21576413e+00 -5.61895159e-02 -6.02770223e-01 -5.97651870e-01
  -6.70793262e-01  6.76645786e-01 -8.65842586e-01 -6.21939107e-01
  -1.11059827e-01 -7.41124859e-01  1.00395279e-01 -6.50118196e-01
  -1.37087758e+00  6.80377851e-01  5.37147666e-01 -1.26975038e-02
  -3.37495449e-01 -4.69920686e-01  5.02938697e-01  8.57847684e-01
   2.15579823e-01  3.59388238e-01  3.43003283e-02  6.37081526e-02
   8.42612533e-01  9.10346911e-01 -5.30096565e-01  1.40403915e+00
  -5.30414235e-01 -4.76386069e-01  2.09355875e-01  4.41085223e-01
   9.75256734e-02  6.37762966e-01 -1.84951097e-01  8.18855895e-01
   4.07207110e-02 -5.61783873e-01  4.49317676e-01  2.04075661e-01
  -6.88761975e-02 -2.29556319e-01 -9.77493934e-01 -6.56934171e-02
  -6.86811726e-01  7.46698166e-01  9.15454441e-01  1.61534694e-01
   2.11938270e-01 -3.94336571e-01 -3.73354138e-01  5.03657639e-01
   1.95612583e-01  4.85229969e-01 -4.71823126e-01 -3.78411278e-01
  -1.05170749e-01 -4.25217315e-01 -1.12514972e+00 -8.31196069e-01
  -9.94268523e-01 -5.40944753e-03 -7.70348572e-01 -3.06448596e-02
   1.00026121e+00  1.97647230e-01  8.42834105e-01 -1.84616560e-01
   1.23544567e-01  7.84329496e-01 -2.17268675e-01 -4.72424235e-01
   2.88505415e-01  4.87277863e-01  1.01993241e-01  9.72591527e-01
   7.86427700e-01 -3.45255454e-02 -7.36534546e-01  2.23109035e-01
  -9.27078433e-01 -1.00795554e+00  5.26110430e-01 -9.69633335e-01
   1.29075974e-02 -4.98564884e-01 -3.84511374e-01  1.10627083e+00
   1.19396658e+00 -2.68752953e-01  5.23490772e-01  9.06601229e-01
   1.27809441e-01  1.07566708e+00 -6.55895369e-01 -4.61237075e-01
   1.91460515e-01  1.16639968e+00 -5.56032978e-01 -4.68826047e-01
   5.91153536e-01  4.71301495e-01  8.41343635e-01 -5.85050702e-01
  -6.02651390e-01 -8.10072654e-01  4.93913515e-01  7.93903577e-01
   1.02906849e+00  8.60927844e-01 -5.93094763e-01 -4.57799827e-02
   6.60646992e-01  5.28815032e-01  1.18165069e+00 -1.56208928e-01
   9.40801163e-01  2.35658838e-01  2.73626439e-01 -3.44433651e-01
   1.31432158e+00  6.82310171e-01 -1.12964641e+00 -1.30915259e+00
   3.71994213e-01  1.88287102e-01 -1.19379567e+00 -4.71219537e-01
   1.25527381e+00 -3.72792619e-01  9.43137716e-01 -6.40258142e-01
  -2.13084304e-01  6.32848077e-02  1.88965342e-02 -1.17492144e+00
  -7.56490416e-01 -1.67130321e-01  6.84812640e-01  3.66702090e-01
  -1.37091915e+00 -5.61769177e-01 -6.34456867e-01  6.93775569e-01
   1.23336794e+00  9.58848797e-01 -4.06596190e-01 -3.29316050e-01
   6.14120722e-01  7.11392565e-01  3.53682480e-01  1.24095305e+00
  -6.52196526e-01  1.09542907e+00  3.16321175e-02 -4.28155185e-01
  -5.58363316e-01 -2.42557174e-01 -6.73122661e-01 -6.71715415e-01
   8.01589145e-01  1.06891748e+00  9.12280066e-01 -2.61762188e-01
   1.03918508e-01  3.83550946e-01 -1.63688309e-01 -2.52297550e-01
  -8.18910541e-01  6.54561905e-01 -1.08512527e+00 -3.64935122e-01
   7.30879656e-01  4.32053233e-02  1.01340240e+00  9.16048007e-01
   3.82180385e-01 -6.58604162e-01 -4.61534212e-01  9.46837605e-01
   7.79248914e-01 -5.56425753e-01  5.63163010e-01 -9.00254696e-03
   6.23116400e-01  1.62959597e-01  4.43751210e-01  9.15646192e-01
  -4.38281953e-01 -2.27932275e-01  6.97541463e-01  3.20245454e-01
   8.14270747e-01 -1.10512013e+00  1.00701082e+00  1.44396252e-01
   3.25621375e-01 -1.48862724e-01  1.38838076e+00 -1.00945038e+00
  -5.08128577e-01 -3.03713956e-01  2.90397775e-01  9.34531393e-02
  -1.00968354e+00  1.38879715e+00 -3.88743816e-01 -6.72517932e-01
  -2.98278539e-01 -9.78838377e-01  3.47464578e-01  5.43214938e-01
   8.57439659e-01  8.37486276e-01 -4.00474796e-01  6.06608994e-02
  -1.04011977e+00  3.83337247e-01 -9.31364040e-01 -2.04412667e-01
   6.34439998e-01 -2.27021270e-01  1.36417320e+00 -5.10937897e-01
   2.29931266e-01  9.17733310e-01  4.17382083e-01 -2.54885306e-01
  -8.34721317e-01 -8.22515601e-01 -4.47794012e-01  6.17871051e-01
   3.10445513e-01 -1.66613720e-01  3.27582705e-02 -5.86375024e-01
  -3.57023002e-01  6.64077622e-01 -1.00974407e+00 -1.89148067e-01
  -3.30806246e-02 -3.27784205e-01  8.61588444e-01 -2.86425137e-01
   1.16117756e+00 -5.98937020e-01 -7.50271183e-01  2.49078181e-01
   3.28178617e-01 -5.76739611e-01 -5.65587696e-01  5.91501693e-03
   6.06778365e-01  3.39742580e-01  5.61641538e-01 -8.27522259e-01
   9.55484876e-01  3.96327830e-01 -2.06151284e-01 -6.59182852e-01
   4.05532663e-01 -7.13271022e-01 -1.02106555e-01 -6.48819122e-01
   7.48670408e-01  1.01614947e+00 -8.66551837e-01 -1.13524641e-01
  -6.15361134e-01  1.17306343e+00  6.62226701e-02 -3.50254299e-01
  -4.68867887e-01 -8.94076912e-01 -8.28899325e-01  5.71445077e-01
   1.02148806e+00  1.11526141e+00  1.49285172e-01 -3.14149669e-01
   5.58978463e-01 -6.58213048e-01 -1.40151583e+00 -2.50680272e-01
  -1.49923579e-01  1.73868858e-01 -9.06232037e-01  6.76028860e-01
  -7.23628820e-01 -2.68602567e-01  2.44077955e-01 -1.04883764e+00
  -1.12768071e+00  1.37438592e+00  3.18064428e-01 -6.63052682e-01
   6.81533332e-01 -3.26937172e-01  1.95833980e-01 -4.89910501e-01
   2.54678510e-01 -5.85012053e-01 -1.57065868e+00 -7.50800391e-01
   4.72744942e-01 -1.01787752e-01  1.06932399e+00  4.96191395e-01
   2.56102167e-01  5.52655039e-01  2.89317818e-01 -5.61423310e-01
   5.48740816e-01 -7.74450118e-01  2.33914461e-01  4.47928394e-01
   1.08457861e+00  9.96841553e-01 -7.74298283e-01 -2.65130622e-04
  -7.29501081e-01 -1.20025527e+00  1.03124098e+00 -8.04341556e-01
   8.68251504e-01  5.60248275e-01 -1.08835208e+00 -7.49468960e-01
   1.19766473e+00 -3.33604317e-01 -1.56726633e-01  1.40098552e+00
  -3.37162751e-01  3.36253786e-01  8.36402529e-01  1.11637385e+00
   2.76305179e-01 -2.91981221e-01 -5.25944052e-01 -8.70815971e-01
  -2.77732363e-01  8.05326396e-01  2.93869934e-01  7.51722652e-03
   5.79347148e-01  2.35787565e-01  1.35844005e+00  8.58061913e-01
  -6.00439378e-01  4.66786651e-01  2.85284575e-01  4.53324812e-01
  -2.42043821e-01 -5.44634979e-01 -5.31112775e-01 -3.21205070e-01
   8.98506035e-01  1.09735254e+00  1.30313869e-01 -4.61855695e-01
   8.03208509e-01 -9.72500685e-01 -3.48404159e-01 -8.82748662e-02
  -3.28732605e-01 -5.17564422e-01 -4.08716436e-01 -8.21695360e-01
   3.59399257e-02 -1.32429589e+00  5.73024860e-03 -1.33247490e+00
   5.40710077e-01  1.43051935e+00 -9.10195468e-01 -7.49613502e-01
   2.60123012e-01  7.97221812e-01 -1.77886443e-01  1.49283861e-01
  -9.56846154e-01 -4.63936316e-01  1.21688535e+00  3.21458820e-01
  -1.18081253e+00  5.76206887e-01  4.86960191e-01  6.00454908e-01
  -3.32016306e-01 -6.03359366e-01  3.89140500e-01  5.16122580e-01
  -1.08930922e+00  4.38837915e-01  5.82437299e-01  1.14813196e+00
   8.46316369e-01  5.55432194e-01 -5.91565125e-01  2.45058162e-01
  -1.48646638e+00  3.88988059e-02  5.18684552e-02  2.33652257e-01
  -2.26350133e-01 -2.55457868e-01  1.43173178e+00  4.49231672e-01
   9.80019340e-01  2.65354637e-01  1.60930535e-01 -6.84525318e-01
  -5.15775800e-01  7.38639129e-01  4.74933858e-01  1.58149792e-01
   5.81371785e-01  4.69752619e-01  9.54551574e-01  3.48610171e-01
  -9.09043446e-01 -7.28051172e-01  3.10730349e-02 -8.36844170e-01
  -1.87435658e-01  1.15715749e+00  4.96690331e-01 -1.19584151e+00
   7.04703182e-01 -2.16987838e-02 -1.07349004e+00  1.37791466e-01
  -1.56838913e-02 -3.97061082e-01 -5.08862746e-01  2.65249960e-01
   9.51835873e-01  1.13735006e+00 -8.67550422e-01  1.54929849e-01
   2.47784487e-02 -2.57326507e-02 -8.34417657e-01 -3.44411832e-01
   1.29665113e-01  4.82456151e-01 -1.12467357e-01 -1.91060192e-01
   5.77575497e-01  3.78323947e-01  1.80050756e-01  2.02309630e-01
  -4.69769189e-01  1.00400591e+00  1.02081555e+00  4.03658617e-01
  -8.51134391e-01 -1.87602281e-02 -1.17354181e+00 -1.09735605e+00
   1.28711463e+00  1.00779175e+00 -1.33095227e+00 -4.57150292e-01
  -3.18531724e-01 -6.56975153e-01  3.85132952e-01 -4.15146239e-01
  -9.48684401e-02 -1.97705685e-01  5.93098974e-02 -4.58818530e-01
   1.10094196e-01 -4.53058578e-01 -1.42539201e+00  1.39773686e-01
  -2.69473902e-01]]
5  true MAPs are  [[2, 2], [3, 3], [3, 1], [1, 1], [3, 2]]
We have collected all the required queries
the Oracle query times is 2**21.395952451016896
start recover nn under a subset of decision boundary points
we have found a solution
the model activation patterns of selected points are  [[2, 2], [1, 1], [3, 1], [3, 2], [3, 3]]
selected ws_signs is  [1, 1]
recovered w_2 is  [array([0.0539399, 1.0539399]), array([ 0.58589778, -0.41410222])]
start checking the prediction matching ratio
prediction matching ratio is  0.720913

we have found a solution
the model activation patterns of selected points are  [[2, 2], [1, 1], [3, 1], [3, 2], [3, 3]]
selected ws_signs is  [1, 1]
recovered w_2 is  [array([0.0539399, 1.0539399]), array([ 0.58589778, -0.41410222])]
start checking the prediction matching ratio
prediction matching ratio is  0.999999

we have found a solution
the model activation patterns of selected points are  [[2, 2], [1, 1], [3, 1], [3, 2], [3, 3]]
selected ws_signs is  [1, 1]
recovered w_2 is  [array([0.0539399, 1.0539399]), array([ 0.58589778, -0.41410222])]
start checking the prediction matching ratio
prediction matching ratio is  0.998806

we have found a solution
the model activation patterns of selected points are  [[2, 2], [1, 1], [3, 1], [3, 2], [3, 3]]
selected ws_signs is  [1, 1]
recovered w_2 is  [array([0.0539399, 1.0539399]), array([ 0.58589778, -0.41410222])]
start checking the prediction matching ratio
prediction matching ratio is  0.721353

we have found a solution
the model activation patterns of selected points are  [[2, 2], [1, 1], [3, 1], [3, 2], [3, 3]]
selected ws_signs is  [1, -1]
recovered w_2 is  [array([-0.0539399, -1.0539399]), array([-0.58589778,  0.41410222])]
start checking the prediction matching ratio
prediction matching ratio is  0.279799

we have found a solution
the model activation patterns of selected points are  [[2, 2], [1, 1], [3, 1], [3, 2], [3, 3]]
selected ws_signs is  [1, -1]
recovered w_2 is  [array([-0.0539399, -1.0539399]), array([-0.58589778,  0.41410222])]
start checking the prediction matching ratio
prediction matching ratio is  0.280084

we have found a solution
the model activation patterns of selected points are  [[2, 2], [1, 1], [3, 1], [3, 2], [3, 3]]
selected ws_signs is  [1, -1]
recovered w_2 is  [array([-0.0539399, -1.0539399]), array([-0.58589778,  0.41410222])]
start checking the prediction matching ratio
prediction matching ratio is  0.279348

we have found a solution
the model activation patterns of selected points are  [[2, 2], [1, 1], [3, 1], [3, 2], [3, 3]]
selected ws_signs is  [1, -1]
recovered w_2 is  [array([-0.0539399, -1.0539399]), array([-0.58589778,  0.41410222])]
start checking the prediction matching ratio
prediction matching ratio is  0.279756

we have found a solution
the model activation patterns of selected points are  [[2, 2], [1, 1], [3, 1], [3, 2], [3, 3]]
selected ws_signs is  [-1, 1]
recovered w_2 is  [array([-0.0539399, -1.0539399]), array([-0.58589778,  0.41410222])]
start checking the prediction matching ratio
prediction matching ratio is  0.671121

we have found a solution
the model activation patterns of selected points are  [[2, 2], [1, 1], [3, 1], [3, 2], [3, 3]]
selected ws_signs is  [-1, 1]
recovered w_2 is  [array([-0.0539399, -1.0539399]), array([-0.58589778,  0.41410222])]
start checking the prediction matching ratio
prediction matching ratio is  0.4204

we have found a solution
the model activation patterns of selected points are  [[2, 2], [1, 1], [3, 1], [3, 2], [3, 3]]
selected ws_signs is  [-1, 1]
recovered w_2 is  [array([-0.0539399, -1.0539399]), array([-0.58589778,  0.41410222])]
start checking the prediction matching ratio
prediction matching ratio is  0.41975

we have found a solution
the model activation patterns of selected points are  [[2, 2], [1, 1], [3, 1], [3, 2], [3, 3]]
selected ws_signs is  [-1, 1]
recovered w_2 is  [array([-0.0539399, -1.0539399]), array([-0.58589778,  0.41410222])]
start checking the prediction matching ratio
prediction matching ratio is  0.671154

we have found a solution
the model activation patterns of selected points are  [[2, 2], [1, 1], [3, 1], [3, 2], [3, 3]]
selected ws_signs is  [-1, -1]
recovered w_2 is  [array([0.0539399, 1.0539399]), array([ 0.58589778, -0.41410222])]
start checking the prediction matching ratio
prediction matching ratio is  0.279772

we have found a solution
the model activation patterns of selected points are  [[2, 2], [1, 1], [3, 1], [3, 2], [3, 3]]
selected ws_signs is  [-1, -1]
recovered w_2 is  [array([0.0539399, 1.0539399]), array([ 0.58589778, -0.41410222])]
start checking the prediction matching ratio
prediction matching ratio is  0.279282

we have found a solution
the model activation patterns of selected points are  [[2, 2], [1, 1], [3, 1], [3, 2], [3, 3]]
selected ws_signs is  [-1, -1]
recovered w_2 is  [array([0.0539399, 1.0539399]), array([ 0.58589778, -0.41410222])]
start checking the prediction matching ratio
prediction matching ratio is  0.278872

we have found a solution
the model activation patterns of selected points are  [[2, 2], [1, 1], [3, 1], [3, 2], [3, 3]]
selected ws_signs is  [-1, -1]
recovered w_2 is  [array([0.0539399, 1.0539399]), array([ 0.58589778, -0.41410222])]
start checking the prediction matching ratio
prediction matching ratio is  0.279215

120 models are checked, and 4 extracted models are final candidates

Process finished with exit code 0
