true weights are 
[array([[-2.91169516,  4.93445415,  2.2981135 , ..., -3.33099043,
         -4.26609727,  1.16453172],
        [ 3.22124927,  3.87554538,  3.62968175, ..., -1.6896587 ,
          4.41031542,  0.73554067]])
 array([[ 1.17177965, -0.74860397],
        [ 0.03196945,  0.56472721]]) array([[2.8152966 , 4.69658699]])]
true biases are 
[array([[-0.50177098],
        [-1.89943946]]) array([[ 0.6709626 ],
                               [-0.18446725]]) array([[-8.65466366]])]
when the recovered model is correct: 
expected w_1 is: 
[-1.          1.6947015   0.78926995  0.16129561 -1.58782663 -1.17147166
  1.62341905 -0.62400506  0.07782742  0.25994165  0.63107691  1.6271375
  0.75011561  0.05740732 -0.05618801  0.69196298 -1.1569175   0.79885921
 -0.74786187  1.21233711 -1.35826445  1.00578924 -0.86611548  0.99313813
 -0.13394754  0.40931081 -1.461395    0.75495303 -1.66253605  0.08438336
  0.18093597  1.33676181 -1.1237437   0.54395776  1.40034818 -1.52751112
 -1.21199408 -1.00792595 -1.51696035 -0.06535396 -1.29279091  0.90479547
 -0.4248708  -0.0170997   0.86853947 -1.02733688  0.83583342 -0.19251749
 -1.6459358   0.91043922  1.59294461  0.28066997 -1.64696948 -1.09863522
  1.5274243   0.87269253  0.72324905  1.31162997  0.87508744 -0.49221668
  0.41261501  1.24328548 -0.88905218  1.55560758 -1.06159129 -0.49568276
  1.41750328 -0.07707768  1.09933144  1.58907305  0.76897774  0.91386197
  0.44910644  0.03814172  1.51539447 -0.53949933  0.47046733 -0.45514213
 -1.51101853 -0.64139926 -1.3767712   1.60672728  1.59121416 -0.03573524
 -0.21601686 -0.09973864  0.15988153  0.61441124  1.27018905  1.05614673
 -0.12086652 -0.0403013  -0.69807497 -0.57936934 -1.31879707 -0.78153201
 -0.8581334  -1.06779253 -1.50308097 -0.03896266  1.39304734  1.29552651
  0.39108258 -0.82419181 -0.61979903  1.30759005  0.49737502 -1.02793321
  0.06723043  0.09970789  0.05993429  0.81850003  0.61843514  0.06123313
 -1.4740273   0.85654653 -1.10739742 -1.08307356 -0.11116712 -1.3638124
 -0.53553468  0.21659477 -1.38771564  1.34341243  1.43692549 -0.8687038
  1.1076947   1.17322116  1.06055872  1.5688783  -0.14955238 -1.33190121
 -0.31725241  1.41125535  0.01283381 -0.60358622  1.19277651  1.67197094
  1.21807571 -0.06686978 -1.33202003 -1.65951058  1.57677903  0.87377102
  1.46750102  0.54534186 -0.67618841  0.32394934  0.41990398  1.55843066
  1.22652623 -0.43908638  1.39345004 -0.02366453  1.13013802  0.20460369
  1.24268724  1.15179763 -1.35006941 -1.62077953  1.48145054  1.39978878
 -1.41105832 -1.54676298  1.6047761  -0.67096414  1.16881793 -0.71844912
 -0.68613342  1.1603662   0.7882093  -1.4185245  -0.26426641 -0.86138507
  0.24157776 -0.34088037 -1.47604936 -0.97475436 -1.26650442  1.31045124
  1.45389103  1.52547187  0.20447686 -0.28698821  0.02817972  1.12364678
 -0.30116219  1.2364727  -0.69727596  1.42258447  0.42530478  0.31112069
 -1.25113295 -0.1525206  -0.08691264 -1.69309603  0.93901911  1.3530957
  0.62645302 -0.17183834  0.10216256  1.05524729 -0.89699734  0.47106204
 -0.49164161  1.41537498 -0.95071886 -1.18347183  1.32830935  0.39985828
  1.53965423  1.45142147  1.05602991 -1.27795805 -0.98026612  0.72875246
  1.57694085 -0.14537555  0.60210978 -0.66627953  0.85897908 -0.56110748
  1.62322063  0.64375114 -0.07255579 -0.7619575   1.25335603 -0.17312038
  1.5648933  -1.24835774  0.80280302  0.79178129  0.70542935  0.07693361
  1.3891565  -1.02604096 -1.21436294 -0.34098571  0.35948608 -0.24115676
 -1.1720088   1.64180261 -0.20415925 -0.21368872 -0.6498103  -0.83303172
  0.97430058  1.52933414  1.14199509  1.39096196  0.0345201   0.523079
 -0.71268155  0.87915428 -1.23535842 -1.12897632  1.58379869  0.36094258
  1.61012036 -0.51565638 -0.51731949  0.63352485  0.98358565 -1.23344217
 -1.08493099 -1.5572463  -0.6774522   1.36893922  0.20267403 -0.51237743
  0.06232534 -0.95751693 -0.07079341  1.63647675 -0.86095124 -0.48247519
 -0.27814526  0.28897965  1.41735228 -1.05854323  0.96719376 -1.1372609
 -1.57172604  0.30412124  0.9558428  -1.24223577 -1.44786179  0.36925259
  1.39927611  0.5586063   0.96326812 -0.53224398  0.85652189  1.37693836
  0.21436126 -1.21056879  0.41951825 -0.85456115 -0.87203039 -1.26381796
  1.05098704  1.25453312 -1.16308321  0.27557632 -0.61956504  1.58347471
 -0.85286143 -0.06585305 -1.56503434 -1.61621515 -0.91676246  0.9417897
  1.25297557  1.23526756  0.58905248  0.48000258  0.9950319  -0.91858148
 -1.38334086  0.53095107  0.11502369  0.87977156 -1.48885933  1.64177113
 -1.60747918 -0.4062358  -0.54659897 -1.06366061 -1.35134405  1.36270265
  1.40637055 -0.20683998  1.6571016  -0.0018049   0.12288723 -0.45757133
 -0.11898459 -0.22675958 -1.66486094 -0.83508833  0.83025816 -0.01937922
  1.42202759  1.10210725 -0.25175603  1.2388186   0.49175151 -0.18627621
 -0.0483081  -0.39150306  0.38289684  0.46419456  1.33597925  0.74291894
 -1.6543842  -0.19816818 -0.66043234 -1.49169305  1.38680525 -1.62001422
  0.83664159  0.75127984 -1.25217631 -0.8548163   1.01806472 -1.28577579
 -0.03218613  1.46811839 -1.27271649  0.66081976  0.97130313  1.01164899
  0.63850973 -0.33724861 -1.26867922 -0.69285658 -1.54858331  0.6279411
  1.25312515  0.28833734  0.71936355  1.18943475  1.50768017  1.26766418
 -1.38352438  1.61381703  0.58525481 -0.09807229  0.14308401 -1.47745434
 -1.60710618 -1.49202592  1.61832602  1.08458737 -0.72765812 -0.19961325
  0.83562215 -1.11550056 -1.21675954 -0.354946   -0.38293363 -0.79165832
 -0.47731453 -1.2806316  -0.30290544 -1.54327514 -0.78877238 -1.26980932
  0.29572001  1.40339236 -1.48238799 -0.20424382 -0.17975008  0.86468994
  0.05698295 -0.7465123  -0.88913243 -0.40688617  1.5785919   0.76272215
 -1.55157851  0.297878    0.91798617  0.09311572  0.46617603 -0.73057713
  0.3246173   1.16445182 -1.26527023  1.17735264  1.63526519  1.12491892
  0.4270704   0.80364017 -0.33069414  0.97785295 -1.56873696  1.00785448
  0.38950229  0.45198432 -0.2188809   0.29381513  1.58703204  1.12232168
  0.62386575  0.99265019  0.24681712 -1.11643159 -1.532633    1.39659995
  1.4225506   0.0342351   1.5913571   1.26418009  1.00340584  0.9236286
 -1.34317092 -1.33934632 -0.77604245 -0.4603658  -1.00287529  1.21482952
  0.93719515 -1.41978244  1.08380009 -0.51944143 -0.78923156  0.87948424
 -0.61841957 -0.33192442  0.21320073  0.85141158  1.03335697  1.27310901
 -0.96975382 -0.48287558 -0.23881331  0.98698285 -0.5997727  -0.33960203
  0.74202625  0.22111731 -1.22825857 -0.63802155  1.5970179  -0.38119457
  0.10398171  0.69738046 -0.8996994   1.21768035  1.33063475  1.4568422
 -0.8200927  -0.71917231 -0.96384527 -0.91919151  1.51073555  1.55816443
 -1.25279577 -1.36901784 -1.02533637 -0.0695427   0.47709155 -0.12835936
  0.91994724 -0.77989703 -0.60893501  0.2837678   0.17821252 -1.14400384
 -1.46515931  0.39994974]
[ 1.          1.20311874  1.12679319  1.30376593 -0.53838485  1.38404085
  0.31611392  1.40714629 -0.08840331 -0.16921315 -1.31441113  0.25544972
 -0.85571974  1.05064519 -0.71416449  0.13640042 -0.0398579   1.46608248
 -0.9021232   0.87356002 -1.17350736  0.46347979 -1.52434337 -0.18581222
  0.62415645 -0.93618929  0.34964434  0.34996554  1.28410253 -1.31252835
  1.208448    1.24713871 -0.27987691  0.89899087 -1.05543025  1.27099938
  1.22110254 -1.2903901  -0.69068467  1.35078391 -0.20924809 -0.35384659
  1.48976169  1.4777082   1.49706221  0.33617531  0.94015102  1.29756395
  0.98171016 -0.35487382  0.95666202  0.42777329 -1.51523406 -0.41962476
  0.94656998 -0.8368474   0.50270358  0.9879054   1.1553009  -0.85026767
 -1.45100408 -0.43928588  0.02222403 -1.18959394 -0.22112859  0.44908533
  1.50001048 -1.17421794  1.31989522  0.70821138  1.53463342 -0.68443722
  0.53709036  1.41060005  1.05903697 -1.2561355   0.83197539 -0.08961673
  0.22263075 -0.74885316 -0.28938626  0.47012532  0.04065223 -0.44064578
 -0.81743824  0.81115457  1.12781256 -0.34695777  1.32476879  0.32253945
  0.96838131  0.85679281 -0.73370912  0.20711415  0.8511687   0.90146706
  1.18688525 -1.49772054 -0.26636735  0.01887638 -0.44452521  1.35570455
 -1.48200458 -0.72029631 -1.17527677 -0.04398862  1.22839463 -0.31354521
 -0.6015808  -1.03563911 -0.16150137 -1.19061286 -1.02411728  0.17001138
 -0.30691676  0.67311959  0.67195446  0.90167741 -1.42777446  0.41192546
 -0.78888012  1.51042172 -1.03488734 -0.77075049 -0.85021702 -0.58009641
  0.30307817 -0.52937304  1.19190568 -0.37784245  1.37230536 -0.77063478
 -0.91122191 -0.81996508  1.36090533  0.27815995  0.26006041  1.22748378
 -0.30832056  1.31820913 -0.42930568 -0.39176551  1.03819481 -0.68090446
 -0.40874786 -1.30744265  0.47553015  0.56889768 -1.00126825  0.92795162
 -1.11816144 -0.24402433 -0.30036639 -0.60256751  0.93822201  1.12124925
 -1.41567763 -0.01805024  0.81778009  0.86824724  1.19773699  1.52582515
  0.88640206 -1.05052903 -0.76077941 -0.049079   -0.62383316  0.52963039
 -0.45621629  1.48893847  1.06957811  0.83025903  1.45292436 -0.81514679
 -1.3119327  -1.3678378   1.22217882 -0.02254801 -0.25980408  0.17873603
 -0.92136193 -0.15715594  1.27118425  0.38920534 -1.44315084 -0.12811
 -1.28020127 -1.24729514  0.58841721 -0.63255074  0.52536195  1.47413317
 -0.42181145  0.36994764  1.50253387 -0.77339961 -0.60714704 -0.66684708
 -1.31669022  0.38899322 -0.10640328  0.56680834 -0.8738454   1.27575543
  1.28195504  0.42188473  1.27529652 -0.79318369  0.11440106  0.46141079
 -0.26882904 -0.15856955  0.57122539 -0.2176969  -0.27240071 -1.25540166
  0.3493761   1.13800842 -0.50806038 -0.92095647 -0.28940418 -1.18741821
  1.22503902 -1.30034401  0.95573699 -0.52764125  0.08885968 -1.01829315
  0.24775703  0.90246211 -1.29594056  0.77156656  0.21175513  0.46833482
 -1.38728818  0.98597995 -0.49109709  0.25098038 -0.19264801 -0.5668817
  0.78001823 -1.03083366  0.64990751  1.32170204 -0.19909098  1.18513808
  0.53942342  0.85201024 -0.45483433 -0.05439507  1.01593572  0.59359869
  1.50340413  0.31817628  0.50125536 -1.10372066  0.70877364  1.05891223
 -1.01619395  0.50426339 -1.28719188 -1.31985321  0.38371883 -1.12964101
  0.4807107  -0.21702726  0.12285973  0.44478803 -0.46292877 -0.32259517
  0.00907507  0.06126064  0.76200067  0.71173496  1.22026902 -0.22586997
 -0.31365296  1.20042364 -0.07525947 -0.80601781 -1.43564269 -0.16271724
 -0.41197534 -0.17120037  0.55988126 -0.36484671 -0.68271028  0.50815905
  0.51449813 -0.03008082  0.00660457  1.24530437 -1.09550744  0.99110371
  0.80112095 -0.12095221 -0.38574623  0.51336697 -0.98723239 -0.22132
 -0.32093527 -0.67887132  0.44700289  0.66405084  0.60941501 -0.59238947
 -1.36660399  0.75264517 -1.08205959 -0.12764911  0.70458734 -0.04745872
 -0.69396744 -0.94547201  0.47292629  1.43776998  0.05797703  0.28982862
  1.42723487  1.35658489  0.52478902  0.82488853  0.08189496  0.69036507
 -0.52689893  0.07387084 -1.36278086  1.02786869  0.81123096 -1.3909193
  1.22174212  1.30853454  0.69876328  0.78695697 -0.29904451  0.53566763
 -0.78336263  1.09189334  1.43737974  0.63154675  0.03308705  0.21838513
 -0.5702986   0.3610971  -0.97465439  0.41817273 -0.00290216  1.09220815
 -1.39348699  1.31627122 -0.02312502 -0.42491545 -0.72888313 -1.35611159
 -0.47090299 -0.27974122  0.82722616  0.78791445 -0.52816872 -0.34972354
 -0.9129781  -0.28996594  0.85656657  0.60041892 -1.4517793  -1.01358997
  0.3329353  -1.30600478 -0.9865196   0.12296259 -0.64553925 -1.26454835
  0.2361649   0.22793483 -0.52492523  1.12260757 -1.52035086 -1.05630537
  1.06334703  0.38980566 -0.38124438  1.1134949  -1.14728899 -0.27853251
 -0.50751928  1.15610639  0.13913234 -1.23347954  0.78694894 -0.77517784
 -0.99127244 -1.33534889  0.11994067 -1.11541739 -1.34422992  0.83289508
 -0.75735005  0.77017782 -0.88020152 -0.28902884  0.25204644  0.1297598
  0.31166063  0.17236474 -0.51536093  1.01447457 -1.12984525  1.42114195
 -0.88734017 -1.46890499  0.1006227   1.52124092 -0.88248549 -0.70176627
  0.51019578 -1.41671612  1.05265456  0.54465622 -0.70512364  0.30286875
  0.65623106 -0.97000681  0.12288223 -1.31827402  1.46135278  0.42336517
 -0.48043336  0.40117481  0.84035128  0.60606015  0.90717165 -1.1809794
 -1.43949616 -0.20425287  0.96066456  0.79174771  1.37006828  1.33204379
  0.4258381   0.0752577   0.23691884  1.03260656 -1.21200841  0.50309924
 -1.48393212  0.76367048 -0.03941302  0.07343801 -0.92293934  0.19228538
  0.8658157  -0.333473    0.8476207   0.65425458 -0.88543281  0.46496294
  0.29481391 -0.13684747 -1.17303362  1.36951303 -0.9663018  -1.07556286
  0.12656338  0.87899928 -0.16833373 -0.68254043  1.47568147  0.9116042
 -0.83710645  0.48922202  1.53048753  0.56408951 -0.83649803 -0.94527235
  0.72294892 -1.05733973 -0.39772561  1.45858976  1.16641129  0.35121819
  0.73674359 -0.85221712 -1.46622766 -0.44132976  0.86479713 -1.45294236
 -0.28767885  0.49814877 -0.13852306 -0.70168812 -0.58246609  1.0864541
  0.89505716 -0.97222915  1.47023857  1.34943819 -0.97072491 -0.22909103
  1.4415382  -0.83301903 -0.68150135  1.48811581 -0.25502513  0.8209127
  1.53069724 -0.62601658 -1.00478729  1.50948024 -0.01371623 -0.52453522
  1.36913199  0.22834019]
expected w_2 is: 
[[0.5858983972718402, -0.41410160272815977], [0.053929919968063254, 1.0539299199680634]]
expected w_3 is: 
[[1.9781221046953708, 0.9781221046953709]]
start step 1: collect decision boundary points
start step 2: recover (\gamma_P, B_P)
5 different MAPs occur
corresponding (\gamma_P, B_P) are: 
boundary point: 0, (\gamma_p, B_P) is [[ 1.          1.20311878  1.12679322  1.30376597 -0.53838487  1.38404089
   0.31611393  1.40714632 -0.08840331 -0.16921316 -1.31441117  0.25544973
  -0.85571976  1.05064522 -0.71416451  0.13640043 -0.0398579   1.46608252
  -0.90212322  0.87356004 -1.1735074   0.4634798  -1.52434341 -0.18581223
   0.62415647 -0.93618932  0.34964435  0.34996555  1.28410257 -1.31252839
   1.20844804  1.24713874 -0.27987691  0.89899089 -1.05543028  1.27099941
   1.22110258 -1.29039014 -0.69068468  1.35078395 -0.20924809 -0.3538466
   1.48976173  1.47770824  1.49706224  0.33617532  0.94015105  1.29756399
   0.98171018 -0.35487383  0.95666205  0.4277733  -1.51523411 -0.41962478
   0.94657001 -0.83684743  0.50270359  0.98790542  1.15530093 -0.85026769
  -1.45100413 -0.4392859   0.02222403 -1.18959397 -0.2211286   0.44908535
   1.50001052 -1.17421797  1.31989525  0.70821141  1.53463347 -0.68443724
   0.53709037  1.41060008  1.05903701 -1.25613553  0.83197541 -0.08961673
   0.22263076 -0.74885318 -0.28938627  0.47012533  0.04065223 -0.44064579
  -0.81743827  0.81115459  1.12781259 -0.34695778  1.32476882  0.32253946
   0.96838133  0.85679283 -0.73370914  0.20711416  0.85116872  0.90146709
   1.18688528 -1.49772057 -0.26636735  0.01887638 -0.44452523  1.35570459
  -1.48200462 -0.72029633 -1.1752768  -0.04398862  1.22839466 -0.31354522
  -0.60158082 -1.03563915 -0.16150137 -1.19061289 -1.02411731  0.17001139
  -0.30691677  0.67311961  0.67195447  0.90167743 -1.42777449  0.41192547
  -0.78888014  1.51042176 -1.03488737 -0.77075051 -0.85021704 -0.58009643
   0.30307818 -0.52937305  1.19190571 -0.37784246  1.3723054  -0.77063481
  -0.91122194 -0.8199651   1.36090536  0.27815996  0.26006042  1.22748382
  -0.30832057  1.31820918 -0.42930569 -0.39176552  1.03819484 -0.68090448
  -0.40874787 -1.30744269  0.47553016  0.56889769 -1.00126828  0.92795165
  -1.11816147 -0.24402434 -0.3003664  -0.60256753  0.93822203  1.12124928
  -1.41567767 -0.01805024  0.81778012  0.86824726  1.19773701  1.52582519
   0.88640208 -1.05052907 -0.76077943 -0.049079   -0.62383318  0.52963041
  -0.4562163   1.48893851  1.06957814  0.83025905  1.45292441 -0.81514681
  -1.31193273 -1.36783783  1.22217885 -0.02254801 -0.25980408  0.17873603
  -0.92136195 -0.15715595  1.27118428  0.38920535 -1.44315088 -0.12811
  -1.2802013  -1.24729517  0.58841723 -0.63255075  0.52536197  1.47413322
  -0.42181147  0.36994765  1.50253391 -0.77339963 -0.60714706 -0.6668471
  -1.31669026  0.38899323 -0.10640328  0.56680836 -0.87384542  1.27575546
   1.28195508  0.42188474  1.27529656 -0.79318371  0.11440106  0.4614108
  -0.26882905 -0.15856956  0.5712254  -0.21769691 -0.27240072 -1.25540169
   0.34937611  1.13800845 -0.50806039 -0.92095649 -0.28940419 -1.18741823
   1.22503906 -1.30034405  0.95573702 -0.52764127  0.08885968 -1.01829318
   0.24775704  0.90246214 -1.2959406   0.77156657  0.21175514  0.46833483
  -1.38728821  0.98597998 -0.4910971   0.25098038 -0.19264801 -0.56688172
   0.78001825 -1.03083369  0.64990753  1.32170207 -0.19909099  1.18513811
   0.53942343  0.85201026 -0.45483434 -0.05439508  1.01593575  0.59359871
   1.50340417  0.31817629  0.50125538 -1.10372068  0.70877366  1.05891226
  -1.01619397  0.5042634  -1.28719191 -1.31985325  0.38371884 -1.12964103
   0.48071072 -0.21702727  0.12285973  0.44478804 -0.46292879 -0.32259518
   0.00907507  0.06126064  0.76200069  0.71173498  1.22026905 -0.22586997
  -0.31365297  1.20042368 -0.07525947 -0.80601783 -1.43564272 -0.16271724
  -0.41197535 -0.17120038  0.55988128 -0.36484672 -0.6827103   0.50815906
   0.51449814 -0.03008083  0.00660457  1.2453044  -1.09550746  0.99110373
   0.80112097 -0.12095222 -0.38574624  0.51336699 -0.98723242 -0.22132
  -0.32093528 -0.67887134  0.44700291  0.66405085  0.60941503 -0.59238948
  -1.36660403  0.75264519 -1.08205962 -0.12764911  0.70458736 -0.04745872
  -0.69396746 -0.94547204  0.47292631  1.43777002  0.05797703  0.28982863
   1.42723491  1.35658492  0.52478903  0.82488856  0.08189497  0.69036509
  -0.52689894  0.07387084 -1.36278089  1.02786872  0.81123098 -1.39091934
   1.22174216  1.30853458  0.6987633   0.78695699 -0.29904452  0.53566765
  -0.78336265  1.09189337  1.43737978  0.63154677  0.03308705  0.21838513
  -0.57029861  0.36109711 -0.97465442  0.41817274 -0.00290216  1.09220818
  -1.39348703  1.31627126 -0.02312502 -0.42491546 -0.72888315 -1.35611163
  -0.470903   -0.27974123  0.82722618  0.78791447 -0.52816873 -0.34972355
  -0.91297812 -0.28996594  0.8565666   0.60041894 -1.45177934 -1.01358999
   0.33293531 -1.30600482 -0.98651962  0.12296259 -0.64553926 -1.26454838
   0.2361649   0.22793483 -0.52492524  1.1226076  -1.5203509  -1.0563054
   1.06334706  0.38980567 -0.38124439  1.11349493 -1.14728903 -0.27853252
  -0.5075193   1.15610642  0.13913234 -1.23347958  0.78694896 -0.77517786
  -0.99127247 -1.33534893  0.11994067 -1.11541742 -1.34422996  0.83289511
  -0.75735007  0.77017784 -0.88020155 -0.28902885  0.25204645  0.1297598
   0.31166064  0.17236475 -0.51536094  1.0144746  -1.12984528  1.421142
  -0.88734019 -1.46890502  0.1006227   1.52124095 -0.88248551 -0.70176629
   0.51019579 -1.41671616  1.0526546   0.54465624 -0.70512366  0.30286876
   0.65623107 -0.97000684  0.12288224 -1.31827406  1.46135282  0.42336518
  -0.48043338  0.40117482  0.84035131  0.60606017  0.90717168 -1.18097943
  -1.43949621 -0.20425288  0.96066459  0.79174773  1.37006831  1.33204383
   0.42583812  0.0752577   0.23691885  1.03260659 -1.21200845  0.50309925
  -1.48393217  0.7636705  -0.03941303  0.07343801 -0.92293937  0.19228538
   0.86581572 -0.33347301  0.84762072  0.6542546  -0.88543283  0.46496295
   0.29481392 -0.13684747 -1.17303365  1.36951306 -0.96630182 -1.07556289
   0.12656338  0.8789993  -0.16833373 -0.68254045  1.47568152  0.91160422
  -0.83710648  0.48922203  1.53048756  0.56408953 -0.83649806 -0.94527237
   0.72294894 -1.05733976 -0.39772563  1.45858981  1.16641132  0.35121819
   0.73674361 -0.85221714 -1.4662277  -0.44132977  0.86479716 -1.4529424
  -0.28767886  0.49814878 -0.13852307 -0.70168814 -0.58246611  1.08645413
   0.89505718 -0.97222918  1.4702386   1.34943822 -0.97072494 -0.22909104
   1.44153824 -0.83301905 -0.68150137  1.48811585 -0.25502513  0.82091273
   1.53069728 -0.6260166  -1.00478731  1.50948029 -0.01371623 -0.52453524
   1.36913202  0.2283402  -1.70405268]]
boundary point: 1, (\gamma_p, B_P) is [[-1.00000000e+00  4.94709510e-01 -4.17486673e-03 -4.45388735e-01
  -7.07359067e-01 -1.25949695e+00  8.20255366e-01 -9.48305129e-01
   8.22069192e-02  2.22370840e-01  9.14046734e-01  8.47555144e-01
   7.93846472e-01 -4.01439017e-01  2.62816207e-01  3.48936381e-01
  -6.61330913e-01 -1.39056783e-01 -6.46004118e-02  3.48563775e-01
  -3.09853693e-01  3.97362591e-01  1.23777367e-01  6.58823197e-01
  -3.36943848e-01  6.27492052e-01 -1.00101731e+00  2.97404489e-01
  -1.50582618e+00  5.92960186e-01 -3.94410173e-01  2.66764472e-01
  -5.42502176e-01 -5.35695795e-02  1.25751715e+00 -1.42128924e+00
  -1.21576594e+00 -5.61895918e-02 -6.02771034e-01 -5.97652583e-01
  -6.70794177e-01  6.76646675e-01 -8.65843851e-01 -6.21940041e-01
  -1.11059979e-01 -7.41125791e-01  1.00395418e-01 -6.50119024e-01
  -1.37087894e+00  6.80378721e-01  5.37148434e-01 -1.26975210e-02
  -3.37495937e-01 -4.69921342e-01  5.02939317e-01  8.57849033e-01
   2.15580108e-01  3.59388699e-01  3.43003748e-02  6.37082397e-02
   8.42613621e-01  9.10347993e-01 -5.30097272e-01  1.40404079e+00
  -5.30414950e-01 -4.76386706e-01  2.09356165e-01  4.41085861e-01
   9.75258067e-02  6.37763908e-01 -1.84951342e-01  8.18856838e-01
   4.07207660e-02 -5.61784586e-01  4.49318297e-01  2.04075940e-01
  -6.88762914e-02 -2.29556622e-01 -9.77495120e-01 -6.56935065e-02
  -6.86812749e-01  7.46699314e-01  9.15455703e-01  1.61534906e-01
   2.11938565e-01 -3.94337128e-01 -3.73354671e-01  5.03658349e-01
   1.95612858e-01  4.85230587e-01 -4.71823768e-01 -3.78411754e-01
  -1.05170890e-01 -4.25217882e-01 -1.12515145e+00 -8.31197335e-01
  -9.94270101e-01 -5.40945487e-03 -7.70349611e-01 -3.06449009e-02
   1.00026284e+00  1.97647487e-01  8.42835155e-01 -1.84616810e-01
   1.23544739e-01  7.84330702e-01 -2.17268967e-01 -4.72424862e-01
   2.88505784e-01  4.87278529e-01  1.01993381e-01  9.72592589e-01
   7.86428794e-01 -3.45255920e-02 -7.36535535e-01  2.23109344e-01
  -9.27079820e-01 -1.00795715e+00  5.26111073e-01 -9.69634519e-01
   1.29076148e-02 -4.98565543e-01 -3.84511876e-01  1.10627224e+00
   1.19396861e+00 -2.68753321e-01  5.23491411e-01  9.06602646e-01
   1.27809610e-01  1.07566848e+00 -6.55896372e-01 -4.61237701e-01
   1.91460783e-01  1.16640114e+00 -5.56033787e-01 -4.68826698e-01
   5.91154433e-01  4.71302110e-01  8.41344675e-01 -5.85051429e-01
  -6.02652248e-01 -8.10073893e-01  4.93914186e-01  7.93904692e-01
   1.02906967e+00  8.60929047e-01 -5.93095519e-01 -4.57800445e-02
   6.60647876e-01  5.28815789e-01  1.18165224e+00 -1.56209145e-01
   9.40802382e-01  2.35659170e-01  2.73626823e-01 -3.44434150e-01
   1.31432288e+00  6.82311041e-01 -1.12964759e+00 -1.30915475e+00
   3.71994703e-01  1.88287366e-01 -1.19379737e+00 -4.71220212e-01
   1.25527576e+00 -3.72793138e-01  9.43138893e-01 -6.40259001e-01
  -2.13084583e-01  6.32848935e-02  1.88965598e-02 -1.17492287e+00
  -7.56491600e-01 -1.67130546e-01  6.84813478e-01  3.66702574e-01
  -1.37092121e+00 -5.61769867e-01 -6.34457649e-01  6.93776429e-01
   1.23336992e+00  9.58850089e-01 -4.06596783e-01 -3.29316494e-01
   6.14121547e-01  7.11393423e-01  3.53682968e-01  1.24095433e+00
  -6.52197399e-01  1.09543027e+00  3.16321605e-02 -4.28155811e-01
  -5.58364012e-01 -2.42557490e-01 -6.73123685e-01 -6.71716259e-01
   8.01590381e-01  1.06891908e+00  9.12281380e-01 -2.61762531e-01
   1.03918650e-01  3.83551467e-01 -1.63688529e-01 -2.52297885e-01
  -8.18911690e-01  6.54562811e-01 -1.08512703e+00 -3.64935625e-01
   7.30880684e-01  4.32053818e-02  1.01340352e+00  9.16049453e-01
   3.82180898e-01 -6.58604957e-01 -4.61534794e-01  9.46838767e-01
   7.79249944e-01 -5.56426430e-01  5.63163790e-01 -9.00255916e-03
   6.23117225e-01  1.62959814e-01  4.43751759e-01  9.15647332e-01
  -4.38282555e-01 -2.27932596e-01  6.97542377e-01  3.20245887e-01
   8.14271914e-01 -1.10512185e+00  1.00701210e+00  1.44396444e-01
   3.25621798e-01 -1.48862925e-01  1.38838288e+00 -1.00945167e+00
  -5.08129224e-01 -3.03714368e-01  2.90398177e-01  9.34532659e-02
  -1.00968490e+00  1.38879944e+00 -3.88744331e-01 -6.72518834e-01
  -2.98278931e-01 -9.78839558e-01  3.47465057e-01  5.43215632e-01
   8.57440746e-01  8.37487498e-01 -4.00475350e-01  6.06609816e-02
  -1.04012107e+00  3.83337787e-01 -9.31365196e-01 -2.04412933e-01
   6.34440838e-01 -2.27021580e-01  1.36417453e+00 -5.10938540e-01
   2.29931567e-01  9.17734555e-01  4.17382686e-01 -2.54885649e-01
  -8.34722429e-01 -8.22516803e-01 -4.47794583e-01  6.17871879e-01
   3.10445948e-01 -1.66613945e-01  3.27583153e-02 -5.86375783e-01
  -3.57023454e-01  6.64078538e-01 -1.00974534e+00 -1.89148331e-01
  -3.30806694e-02 -3.27784651e-01  8.61589520e-01 -2.86425524e-01
   1.16117925e+00 -5.98937887e-01 -7.50272143e-01  2.49078506e-01
   3.28179050e-01 -5.76740360e-01 -5.65588498e-01  5.91502496e-03
   6.06779154e-01  3.39743067e-01  5.61642303e-01 -8.27523458e-01
   9.55486226e-01  3.96328356e-01 -2.06151556e-01 -6.59183830e-01
   4.05533216e-01 -7.13272121e-01 -1.02106696e-01 -6.48819970e-01
   7.48671455e-01  1.01615068e+00 -8.66553233e-01 -1.13524794e-01
  -6.15361914e-01  1.17306476e+00  6.62227599e-02 -3.50254778e-01
  -4.68868516e-01 -8.94078196e-01 -8.28900428e-01  5.71445827e-01
   1.02148944e+00  1.11526279e+00  1.49285375e-01 -3.14150118e-01
   5.58979235e-01 -6.58213937e-01 -1.40151749e+00 -2.50680605e-01
  -1.49923783e-01  1.73869089e-01 -9.06233161e-01  6.76029810e-01
  -7.23629808e-01 -2.68602944e-01  2.44078287e-01 -1.04883915e+00
  -1.12768239e+00  1.37438725e+00  3.18064890e-01 -6.63053483e-01
   6.81534196e-01 -3.26937644e-01  1.95834246e-01 -4.89911150e-01
   2.54678846e-01 -5.85012879e-01 -1.57066067e+00 -7.50801460e-01
   4.72745541e-01 -1.01787889e-01  1.06932529e+00  4.96192001e-01
   2.56102502e-01  5.52655857e-01  2.89318220e-01 -5.61424097e-01
   5.48741576e-01 -7.74451064e-01  2.33914764e-01  4.47929035e-01
   1.08457981e+00  9.96843031e-01 -7.74299393e-01 -2.65130982e-04
  -7.29501955e-01 -1.20025724e+00  1.03124252e+00 -8.04342683e-01
   8.68252693e-01  5.60249030e-01 -1.08835372e+00 -7.49469964e-01
   1.19766667e+00 -3.33604755e-01 -1.56726846e-01  1.40098692e+00
  -3.37163219e-01  3.36254244e-01  8.36403811e-01  1.11637506e+00
   2.76305573e-01 -2.91981607e-01 -5.25944760e-01 -8.70817188e-01
  -2.77732756e-01  8.05327455e-01  2.93870318e-01  7.51723673e-03
   5.79347876e-01  2.35787898e-01  1.35844165e+00  8.58063196e-01
  -6.00440187e-01  4.66787322e-01  2.85284941e-01  4.53325471e-01
  -2.42044134e-01 -5.44635765e-01 -5.31113449e-01 -3.21205490e-01
   8.98507030e-01  1.09735417e+00  1.30314045e-01 -4.61856286e-01
   8.03209580e-01 -9.72501894e-01 -3.48404613e-01 -8.82749873e-02
  -3.28733048e-01 -5.17565098e-01 -4.08716997e-01 -8.21696542e-01
   3.59399748e-02 -1.32429802e+00  5.73025638e-03 -1.33247644e+00
   5.40710884e-01  1.43052128e+00 -9.10196798e-01 -7.49614455e-01
   2.60123379e-01  7.97223018e-01 -1.77886678e-01  1.49284063e-01
  -9.56847240e-01 -4.63936986e-01  1.21688734e+00  3.21459264e-01
  -1.18081374e+00  5.76207635e-01  4.86960911e-01  6.00455752e-01
  -3.32016750e-01 -6.03360186e-01  3.89140992e-01  5.16123342e-01
  -1.08931065e+00  4.38838560e-01  5.82438038e-01  1.14813369e+00
   8.46317557e-01  5.55432945e-01 -5.91565919e-01  2.45058487e-01
  -1.48646800e+00  3.88988585e-02  5.18685260e-02  2.33652562e-01
  -2.26350448e-01 -2.55458227e-01  1.43173420e+00  4.49232286e-01
   9.80020646e-01  2.65354991e-01  1.60930757e-01 -6.84526300e-01
  -5.15776576e-01  7.38640014e-01  4.74934464e-01  1.58150001e-01
   5.81372502e-01  4.69753232e-01  9.54553053e-01  3.48610632e-01
  -9.09044630e-01 -7.28052129e-01  3.10730772e-02 -8.36845154e-01
  -1.87435908e-01  1.15715901e+00  4.96691054e-01 -1.19584330e+00
   7.04704024e-01 -2.16988132e-02 -1.07349160e+00  1.37791650e-01
  -1.56839127e-02 -3.97061619e-01 -5.08863388e-01  2.65250316e-01
   9.51837401e-01  1.13735136e+00 -8.67551541e-01  1.54930055e-01
   2.47784823e-02 -2.57326855e-02 -8.34418680e-01 -3.44412311e-01
   1.29665294e-01  4.82456764e-01 -1.12467511e-01 -1.91060452e-01
   5.77576366e-01  3.78324486e-01  1.80050999e-01  2.02309898e-01
  -4.69769829e-01  1.00400717e+00  1.02081695e+00  4.03659140e-01
  -8.51135633e-01 -1.87602537e-02 -1.17354358e+00 -1.09735739e+00
   1.28711633e+00  1.00779304e+00 -1.33095436e+00 -4.57150860e-01
  -3.18532143e-01 -6.56976120e-01  3.85133499e-01 -4.15146826e-01
  -9.48685679e-02 -1.97705955e-01  5.93099782e-02 -4.58819104e-01
   1.10094343e-01 -4.53059154e-01 -1.42539430e+00  1.39773878e-01
  -2.69474378e-01]]
boundary point: 2, (\gamma_p, B_P) is [[-1.          2.30825292  1.19495533  0.47149105 -2.0380064  -1.12646466
   2.03407363 -0.45819165  0.07558821  0.27915146  0.48639549  2.02573503
   0.72775618  0.29201374 -0.21929367  0.86735121 -1.41030907  1.27841215
  -1.0972109   1.65398118 -1.89431294  1.31687551 -1.372244    1.16407209
  -0.03015628  0.29775555 -1.69678438  0.98889589 -1.7426612  -0.17565008
   0.4751083   1.88384744 -1.42093032  0.84947126  1.47337715 -1.58182196
  -1.21006553 -1.4945452  -1.98438194  0.20680834 -1.61081551  1.02144709
  -0.19940291  0.29215291  1.36940502 -1.17367554  1.21186013  0.04145247
  -1.78657135  1.02806829  2.13276924  0.43066767 -2.3164984  -1.42009428
   2.05123964  0.88028195  0.98281828  1.79850736  1.30497873 -0.77645902
   0.19275832  1.41351518 -1.07258448  1.63310312 -1.33317977 -0.50554876
   2.0352244  -0.34201276  1.61155093  2.07547386  1.25671812  0.96243773
   0.65791251  0.3448818   2.06047525 -0.91968658  0.7462317  -0.57048316
  -1.78380706 -0.93575547 -1.72954438  2.04645637  1.93672694 -0.13659873
  -0.43482887  0.05088847  0.43252321  0.67103878  1.81961585  1.34805402
   0.05857661  0.13257331 -1.00122462 -0.6581864  -1.41780735 -0.75613831
  -0.7885272  -1.61098502 -1.87772376 -0.0432155   1.59387658  1.85686796
   0.16010317 -1.15120412 -0.99986792  1.5751306   0.86276982 -1.31196256
  -0.04590684 -0.09845553  0.03842963  0.73971308  0.53254061  0.11019421
  -1.85110409  1.18042059 -1.19959312 -1.12148029 -0.43700508 -1.56535406
  -0.81595117  0.58225357 -1.90064998  1.46466132  1.56114841 -1.17545625
   1.40639566  1.3095422   1.53746987  1.82105463  0.10933941 -1.77706822
  -0.57735557  1.53644839  0.30369369 -0.67248826  1.50038363  2.28586842
   1.41069687  0.19807457 -1.70494304 -2.09382436  2.13044376  0.91460637
   1.69166933  0.38398331 -0.71867348  0.51299059  0.29681252  2.08486888
   1.24947012 -0.58372046  1.62488708 -0.15625577  1.56806899  0.48532469
   1.2060602   1.39184436 -1.46277026 -1.78011211  2.04871116  2.01922492
  -1.52214303 -2.09668398  1.78347431 -0.82341786  1.28420678 -0.75842743
  -0.92800152  1.72129978  1.18155604 -1.54307711 -0.01259351 -1.21635482
   0.01495299 -0.7026649  -1.52980099 -1.18591179 -1.58966756  1.62575475
   1.56664266  1.81518347  0.51691653 -0.26534591 -0.27141015  1.33443037
  -0.63598207  1.23418124 -0.72032445  1.58985718  0.62658811  0.68911001
  -1.60534313 -0.10648507  0.21281488 -2.21532369  1.00928589  1.49839415
   0.48031004 -0.12586043  0.10126467  1.39868286 -1.2719354   0.84091326
  -0.32430963  1.80437539 -0.88199646 -1.60198634  1.63377239  0.58221358
   1.80872426  1.72515518  1.4005664  -1.59463098 -1.24549152  0.61724574
   1.98479722  0.06479324  0.62202272 -1.00234279  0.97957437 -0.93132039
   2.22627864  0.50473163  0.11443894 -1.03500244  1.53754146 -0.42537671
   1.94868321 -1.32159372  0.69839167  1.12278674  0.89962353  0.19238254
   1.38955203 -1.034523   -1.57545759 -0.36004241  0.39481047 -0.41224162
  -1.25500439  1.77116219 -0.10978158  0.0209094  -0.82954698 -0.75848071
   1.29479923  2.03353284  1.28748667  1.67395138  0.25693166  0.75951161
  -0.54526294  1.1326634  -1.39078901 -1.60170214  2.06920182  0.66156646
   1.73587155 -0.51806859 -0.89938617  0.48820949  1.27308311 -1.73377448
  -1.21286169 -1.93291073 -0.79487528  1.75295715  0.14757065 -0.68916501
   0.07744285 -1.14728001  0.07555495  2.13366032 -0.78487337 -0.63245211
  -0.40344587  0.60432894  1.70151169 -1.45332413  0.8680097  -1.41250344
  -1.99173235  0.33226439  1.27676493 -1.58250109 -1.89896482  0.55502573
   1.80447685  0.67051026  1.1686179  -0.38126869  0.80592179  1.8783206
   0.4293679  -1.49248985  0.42666874 -0.92680171 -1.2656895  -1.57826413
   1.20555986  1.37641716 -1.31469787  0.47452227 -0.62171408  1.79331576
  -1.32278575  0.0795605  -2.12549983 -1.9854411  -0.96168598  1.13114513
   1.37133356  1.29662554  0.81390376  0.8860499   1.217984   -1.05170643
  -1.37404721  0.93059642  0.25049035  1.24069685 -1.78675391  2.13555104
  -2.05938805 -0.47660696 -0.9508693  -1.07123876 -1.46570142  1.35672834
   1.96281717  0.02642029  2.15590557  0.16443426  0.08558969 -0.44103609
  -0.31003732 -0.04358601 -1.7130252  -0.87818389  1.01305303  0.02275603
   1.60236296  1.41190944 -0.5114222   1.58965106  0.59525489  0.00553551
  -0.35357738 -0.19570317  0.45907082  0.47251106  1.46451885  0.61308849
  -2.10436826 -0.29935527 -0.6251173  -1.64070309  1.56860313 -2.03706403
   0.82047895  0.84895317 -1.33593818 -0.90867949  0.92623491 -1.77261729
   0.03149108  1.50244244 -1.75106138  0.82676889  1.04027665  0.95810293
   0.82370335 -0.36039346 -1.64843657 -0.60186599 -2.19836444  0.53724411
   1.74358857  0.43191961  0.79095303  1.67703081  1.58398526  1.47709163
  -1.7839124   2.20028903  0.73862828 -0.37999991  0.33999859 -1.954401
  -2.15725724 -2.09066202  1.9863668   1.07805975 -1.16633608 -0.06552936
   0.85219458 -1.18861525 -1.66074616 -0.49129389 -0.41064619 -0.93180116
  -0.51238818 -1.51528337 -0.47615584 -1.65523731 -1.1949986  -1.23776784
   0.17045709  1.38952143 -1.77494719  0.07460215 -0.40465574  0.89918553
   0.17707091 -1.20452963 -0.8545101  -0.3777163   1.76353008  0.98833822
  -1.74114915  0.15556909  1.13836777 -0.16628535  0.87428902 -0.79562268
   0.29162657  1.49593975 -1.35523771  1.55495213  2.17357177  1.11304928
   0.21271089  0.93054759 -0.19731136  1.35252802 -1.61080076  1.50327788
   0.56213317  0.56361653 -0.21506174  0.57465655  1.66643525  1.46646976
   0.44176508  1.3645135   0.2907305  -1.33726315 -2.05254789  1.73301241
   1.90706321 -0.02912213  2.10775845  1.67036758  1.02838408  1.21763314
  -1.56513806 -1.65189876 -1.1887176  -0.26787331 -1.41980639  1.24431623
   1.16242324 -1.53428167  1.27763049 -0.77393537 -0.64389046  1.25870889
  -0.92659607 -0.29862     0.58238942  1.15111364  1.07503763  1.34252139
  -1.02200945 -0.80898321 -0.3735868   1.50478052 -0.47979909 -0.33714255
   1.05512412  0.08749541 -1.79875836 -0.8665511   2.11825454 -0.76953382
   0.06508777  0.95050819 -1.11952078  1.32693064  1.48904344  1.99533075
  -0.80422056 -1.07729037 -0.8566273  -0.82809596  1.62507121  1.83956728
  -1.21283357 -1.83525204 -1.38672274  0.23080982  0.52410935  0.018274
   1.43881878 -1.07756915 -0.95060619  0.66344971  0.21304108 -1.49728127
  -1.48549101  0.53297669 -1.2545417 ]]
boundary point: 3, (\gamma_p, B_P) is [[-1.          1.69470161  0.78927001  0.16129562 -1.58782673 -1.17147174
   1.62341915 -0.62400511  0.07782743  0.25994167  0.63107695  1.62713762
   0.75011566  0.05740732 -0.05618801  0.69196303 -1.15691758  0.79885926
  -0.74786192  1.21233719 -1.35826454  1.00578931 -0.86611553  0.99313819
  -0.13394755  0.40931083 -1.4613951   0.75495308 -1.66253617  0.08438337
   0.18093598  1.3367619  -1.12374377  0.5439578   1.40034827 -1.52751121
  -1.21199415 -1.00792602 -1.51696046 -0.06535396 -1.29279099  0.90479553
  -0.42487082 -0.0170997   0.86853953 -1.02733695  0.83583348 -0.1925175
  -1.64593592  0.91043928  1.59294472  0.28066999 -1.64696959 -1.09863529
   1.5274244   0.87269259  0.7232491   1.31163006  0.8750875  -0.49221672
   0.41261504  1.24328556 -0.88905224  1.55560768 -1.06159137 -0.49568279
   1.41750338 -0.07707768  1.09933152  1.58907316  0.76897779  0.91386203
   0.44910647  0.03814172  1.51539458 -0.53949936  0.47046736 -0.45514216
  -1.51101864 -0.6413993  -1.3767713   1.60672738  1.59121426 -0.03573525
  -0.21601687 -0.09973864  0.15988154  0.61441128  1.27018914  1.05614679
  -0.12086653 -0.0403013  -0.69807502 -0.57936938 -1.31879716 -0.78153207
  -0.85813346 -1.0677926  -1.50308106 -0.03896266  1.39304742  1.29552659
   0.3910826  -0.82419187 -0.61979907  1.30759014  0.49737505 -1.02793329
   0.06723043  0.0997079   0.05993429  0.81850009  0.61843518  0.06123314
  -1.4740274   0.85654658 -1.10739749 -1.08307363 -0.11116713 -1.36381249
  -0.53553471  0.21659478 -1.38771574  1.34341253  1.43692558 -0.86870386
   1.10769477  1.17322124  1.06055879  1.56887841 -0.14955239 -1.3319013
  -0.31725243  1.41125545  0.01283381 -0.60358627  1.19277659  1.67197106
   1.21807579 -0.06686978 -1.33202011 -1.65951069  1.57677913  0.87377108
   1.46750113  0.5453419  -0.67618845  0.32394936  0.41990401  1.55843076
   1.2265263  -0.43908641  1.39345014 -0.02366453  1.13013809  0.2046037
   1.24268733  1.15179771 -1.3500695  -1.62077965  1.48145064  1.39978886
  -1.41105841 -1.54676308  1.6047762  -0.67096419  1.168818   -0.71844916
  -0.68613346  1.16036629  0.78820936 -1.41852461 -0.26426643 -0.86138513
   0.24157778 -0.3408804  -1.47604945 -0.97475443 -1.26650451  1.31045132
   1.45389114  1.52547198  0.20447687 -0.28698823  0.02817972  1.12364686
  -0.30116221  1.23647278 -0.697276    1.42258457  0.4253048   0.31112071
  -1.25113304 -0.15252061 -0.08691265 -1.69309616  0.93901917  1.35309579
   0.62645306 -0.17183835  0.10216257  1.05524736 -0.8969974   0.47106207
  -0.49164164  1.41537507 -0.95071892 -1.18347191  1.32830944  0.39985831
   1.53965434  1.45142158  1.05602999 -1.27795814 -0.98026619  0.72875251
   1.57694096 -0.14537556  0.60210982 -0.66627957  0.85897914 -0.56110752
   1.62322073  0.64375118 -0.0725558  -0.76195755  1.25335612 -0.17312039
   1.5648934  -1.24835783  0.80280308  0.79178134  0.7054294   0.07693362
   1.38915658 -1.02604103 -1.21436301 -0.34098573  0.35948611 -0.24115677
  -1.17200888  1.64180271 -0.20415926 -0.21368874 -0.64981035 -0.83303177
   0.97430064  1.52933425  1.14199517  1.39096205  0.03452011  0.52307904
  -0.71268159  0.87915433 -1.23535851 -1.1289764   1.5837988   0.36094261
   1.61012047 -0.51565641 -0.51731953  0.6335249   0.98358571 -1.23344226
  -1.08493107 -1.55724641 -0.67745225  1.36893931  0.20267405 -0.51237747
   0.06232534 -0.95751699 -0.07079341  1.63647685 -0.8609513  -0.48247522
  -0.27814528  0.28897967  1.41735238 -1.0585433   0.96719382 -1.13726097
  -1.57172614  0.30412126  0.95584287 -1.24223586 -1.44786189  0.36925261
   1.39927621  0.55860634  0.96326818 -0.53224402  0.85652195  1.37693846
   0.21436128 -1.21056887  0.41951828 -0.85456121 -0.87203045 -1.26381804
   1.05098712  1.25453319 -1.16308329  0.27557634 -0.61956508  1.58347482
  -0.85286149 -0.06585305 -1.56503444 -1.61621526 -0.91676252  0.94178976
   1.25297565  1.23526764  0.58905252  0.48000262  0.99503196 -0.91858155
  -1.38334095  0.5309511   0.1150237   0.87977162 -1.48885943  1.64177123
  -1.60747928 -0.40623582 -0.546599   -1.06366068 -1.35134414  1.36270274
   1.40637063 -0.20683999  1.65710171 -0.0018049   0.12288723 -0.45757136
  -0.1189846  -0.2267596  -1.66486105 -0.83508839  0.83025821 -0.01937922
   1.42202768  1.10210733 -0.25175604  1.23881869  0.49175154 -0.18627622
  -0.04830811 -0.39150308  0.38289687  0.46419459  1.33597935  0.74291898
  -1.65438432 -0.1981682  -0.66043239 -1.49169315  1.38680535 -1.62001433
   0.83664165  0.75127989 -1.25217639 -0.85481636  1.01806479 -1.28577587
  -0.03218613  1.46811848 -1.27271659  0.6608198   0.9713032   1.01164905
   0.63850977 -0.33724863 -1.26867931 -0.69285663 -1.54858341  0.62794114
   1.25312524  0.28833736  0.7193636   1.18943483  1.50768027  1.26766427
  -1.38352447  1.61381714  0.58525485 -0.0980723   0.14308402 -1.47745445
  -1.60710628 -1.49202602  1.61832612  1.08458745 -0.72765816 -0.19961326
   0.83562221 -1.11550064 -1.21675962 -0.35494602 -0.38293366 -0.79165837
  -0.47731456 -1.28063168 -0.30290546 -1.54327524 -0.78877243 -1.2698094
   0.29572003  1.40339245 -1.48238809 -0.20424384 -0.17975009  0.86469
   0.05698295 -0.74651235 -0.88913249 -0.4068862   1.57859202  0.76272221
  -1.55157861  0.29787802  0.91798623  0.09311572  0.46617606 -0.73057718
   0.32461732  1.1644519  -1.26527032  1.17735272  1.63526531  1.124919
   0.42707043  0.80364022 -0.33069416  0.97785302 -1.56873706  1.00785455
   0.38950231  0.45198435 -0.21888091  0.29381515  1.58703214  1.12232176
   0.62386579  0.99265025  0.24681714 -1.11643167 -1.5326331   1.39660005
   1.4225507   0.0342351   1.59135721  1.26418018  1.00340591  0.92362867
  -1.343171   -1.33934641 -0.7760425  -0.46036583 -1.00287536  1.2148296
   0.93719521 -1.41978254  1.08380016 -0.51944146 -0.78923162  0.87948429
  -0.61841962 -0.33192444  0.21320074  0.85141164  1.03335704  1.2731091
  -0.96975388 -0.48287561 -0.23881332  0.98698292 -0.59977274 -0.33960206
   0.7420263   0.22111732 -1.22825865 -0.6380216   1.597018   -0.38119459
   0.10398172  0.69738051 -0.89969946  1.21768043  1.33063484  1.45684229
  -0.82009276 -0.71917236 -0.96384533 -0.91919157  1.51073566  1.55816455
  -1.25279585 -1.36901794 -1.02533644 -0.06954271  0.47709158 -0.12835937
   0.9199473  -0.77989708 -0.60893506  0.28376782  0.17821253 -1.14400391
  -1.4651594   0.39994977 -0.87669337]]
boundary point: 12, (\gamma_p, B_P) is [[ 1.00000000e+00  1.35939794e+00  1.23012632e+00  1.38277658e+00
  -6.53051264e-01  1.39550467e+00  4.20712776e-01  1.44938102e+00
  -8.89736679e-02 -1.64320170e-01 -1.35126328e+00  3.56977500e-01
  -8.61414962e-01  1.11040237e+00 -7.55709538e-01  1.81073994e-01
  -1.04399905e-01  1.58823059e+00 -9.91106755e-01  9.86052277e-01
  -1.31004560e+00  5.42717346e-01 -1.65326060e+00 -1.42273198e-01
   6.50593380e-01 -9.64603804e-01  2.89687712e-01  4.09553710e-01
   1.26369364e+00 -1.37876211e+00  1.28337736e+00  1.38648824e+00
  -3.55574053e-01  9.76808964e-01 -1.03682885e+00  1.25716572e+00
   1.22159375e+00 -1.41433810e+00 -8.09742782e-01  1.42010704e+00
  -2.90252929e-01 -3.24133962e-01  1.54719116e+00  1.55647869e+00
   1.62463890e+00  2.98901018e-01  1.03592972e+00  1.35715901e+00
   9.45888517e-01 -3.24912223e-01  1.09416210e+00  4.65979577e-01
  -1.68577143e+00 -5.01504402e-01  1.07999229e+00 -8.34914275e-01
   5.68819102e-01  1.11191915e+00  1.26479957e+00 -9.22667737e-01
  -1.50700432e+00 -3.95926248e-01 -2.45239426e-02 -1.16985485e+00
  -2.90305569e-01  4.46572337e-01  1.65735175e+00 -1.24170021e+00
   1.45036391e+00  8.32103745e-01  1.65886697e+00 -6.72064360e-01
   5.90275871e-01  1.48873056e+00  1.19787585e+00 -1.35297394e+00
   9.02216018e-01 -1.18995534e-01  1.53148100e-01 -8.23829357e-01
  -3.79241998e-01  5.82129808e-01  1.28658652e-01 -4.66336963e-01
  -8.73172392e-01  8.49521170e-01  1.19725779e+00 -3.32534027e-01
   1.46471464e+00  3.96891880e-01  1.01408770e+00  9.00826126e-01
  -8.10925111e-01  1.87038459e-01  8.25949533e-01  9.07935140e-01
   1.20461480e+00 -1.63607844e+00 -3.61793550e-01  1.77931332e-02
  -3.93371488e-01  1.49868523e+00 -1.54083792e+00 -8.03590424e-01
  -1.27208506e+00  2.41573024e-02  1.32146524e+00 -3.85891035e-01
  -6.30398271e-01 -1.08611381e+00 -1.66978874e-01 -1.21068088e+00
  -1.04599568e+00  1.82482380e-01 -4.02962929e-01  7.55614357e-01
   6.48471051e-01  8.91894721e-01 -1.51076945e+00  3.60590269e-01
  -8.60305705e-01  1.60355957e+00 -1.16553812e+00 -7.39866870e-01
  -8.18575871e-01 -6.58230089e-01  3.79161035e-01 -4.94650356e-01
   1.31338089e+00 -3.13609981e-01  1.43824832e+00 -8.84024379e-01
  -9.77473430e-01 -7.88076837e-01  1.43499096e+00  2.60609737e-01
   3.38411786e-01  1.38385114e+00 -2.59257539e-01  1.38569375e+00
  -5.24293834e-01 -5.02390660e-01  1.17922013e+00 -6.70503178e-01
  -3.51649387e-01 -1.34854268e+00  4.64708661e-01  6.17048844e-01
  -1.03262118e+00  1.06204201e+00 -1.11231733e+00 -2.80864439e-01
  -2.41416479e-01 -6.36340157e-01  1.04976850e+00  1.19275239e+00
  -1.42500698e+00  4.30926632e-02  7.89073767e-01  8.27663229e-01
   1.34222534e+00  1.68360327e+00  8.58107387e-01 -1.19060078e+00
  -7.15262732e-01 -8.79108657e-02 -5.94442176e-01  5.19447414e-01
  -5.17823111e-01  1.63181524e+00  1.16976843e+00  7.98533916e-01
   1.51702859e+00 -9.05562011e-01 -1.36965684e+00 -1.45998883e+00
   1.20848759e+00 -7.63324509e-02 -3.42117769e-01  2.59047774e-01
  -8.92642668e-01 -8.33627726e-02  1.35076652e+00  3.94717896e-01
  -1.51946010e+00 -7.44207759e-02 -1.36548407e+00 -1.24787878e+00
   5.82546467e-01 -5.89944276e-01  5.76631333e-01  1.57041177e+00
  -5.12033210e-01  3.81673457e-01  1.57887820e+00 -9.06417511e-01
  -5.89249206e-01 -6.29837740e-01 -1.35391466e+00  4.00704364e-01
  -1.06631977e-01  6.54285671e-01 -9.69346804e-01  1.36996116e+00
   1.32457657e+00  5.20967996e-01  1.29280097e+00 -8.99784557e-01
   1.92206315e-01  5.07858955e-01 -2.00293543e-01 -8.88461540e-02
   6.58983131e-01 -2.98357454e-01 -3.39956935e-01 -1.28380380e+00
   4.53262213e-01  1.19154103e+00 -5.02988296e-01 -1.00655597e+00
  -2.58687055e-01 -1.28171605e+00  1.37864543e+00 -1.33575401e+00
   1.00336687e+00 -5.97189207e-01  1.61245264e-01 -1.08254598e+00
   3.45513120e-01  8.83807981e-01 -1.32253542e+00  8.55877774e-01
   2.61218817e-01  4.97741097e-01 -1.38718742e+00  9.83819462e-01
  -5.83072409e-01  2.46126395e-01 -1.83650441e-01 -6.10459149e-01
   7.58878208e-01 -9.97884156e-01  6.73946677e-01  1.38145711e+00
  -2.44872159e-01  1.20412715e+00  6.21058427e-01  9.80435942e-01
  -4.17775798e-01  1.76858713e-02  1.07258671e+00  6.53821025e-01
   1.54604774e+00  3.82748218e-01  4.61665240e-01 -1.22412982e+00
   8.32411873e-01  1.13548488e+00 -9.84163533e-01  5.03648964e-01
  -1.38450904e+00 -1.35686684e+00  4.57457447e-01 -1.25708188e+00
   4.48125148e-01 -3.12713692e-01  9.29505988e-02  5.42602194e-01
  -4.76964290e-01 -3.67625171e-01  1.29256905e-02  1.29256105e-02
   7.99277413e-01  8.38373823e-01  1.23964699e+00 -2.64070962e-01
  -3.45568591e-01  1.28074703e+00 -2.88051300e-03 -9.06573433e-01
  -1.46090609e+00 -2.32824954e-01 -5.18956193e-01 -1.64031961e-01
   6.41624139e-01 -4.51516540e-01 -7.97611854e-01  5.55477783e-01
   6.17707816e-01 -1.57748758e-03  5.89097233e-02  1.28375965e+00
  -1.10839590e+00  1.11881202e+00  8.55885822e-01 -1.92761035e-01
  -3.83924909e-01  4.94966396e-01 -1.08750228e+00 -3.01413368e-01
  -2.81563631e-01 -6.47825925e-01  4.08384738e-01  7.14724847e-01
   6.08867614e-01 -5.38940315e-01 -1.48629957e+00  7.89683805e-01
  -1.22481715e+00 -2.21695569e-01  6.93144743e-01  7.72477744e-04
  -6.63820178e-01 -9.29843357e-01  5.30198720e-01  1.54119530e+00
   1.14765714e-01  2.55920029e-01  1.42960207e+00  1.45837955e+00
   5.59294066e-01  9.16820712e-01  6.01748838e-03  8.16136982e-01
  -6.42005767e-01  5.59464246e-02 -1.46575355e+00  1.02593844e+00
   7.82102699e-01 -1.39244102e+00  1.36347602e+00  1.36794882e+00
   8.25814886e-01  8.29300158e-01 -3.08544656e-01  5.39879359e-01
  -8.32026138e-01  1.13854994e+00  1.42511169e+00  6.20569762e-01
   7.96471872e-02  2.29117500e-01 -5.24364917e-01  4.40007588e-01
  -1.04079460e+00  5.07534134e-01  2.34614435e-02  1.14106499e+00
  -1.47124287e+00  1.36614389e+00 -3.72255861e-03 -4.22797129e-01
  -6.96142482e-01 -1.38918102e+00 -5.85519551e-01 -3.05514838e-01
   8.36221334e-01  7.49959721e-01 -4.81862519e-01 -4.55951341e-01
  -9.17094916e-01 -2.65087312e-01  8.35231366e-01  5.86699286e-01
  -1.47516948e+00 -1.13759458e+00  3.49154679e-01 -1.29726201e+00
  -1.10836001e+00  1.65231905e-01 -6.27970824e-01 -1.27818719e+00
   2.83336026e-01  2.22039541e-01 -6.21654169e-01  1.14578400e+00
  -1.68585823e+00 -1.07940702e+00  1.18827418e+00  4.26377859e-01
  -3.63009639e-01  1.23769170e+00 -1.12785311e+00 -2.25188721e-01
  -6.09503113e-01  1.30548813e+00  1.78198477e-01 -1.30529001e+00
   8.37105541e-01 -8.96662105e-01 -1.13140279e+00 -1.48782898e+00
   2.13685253e-01 -1.11708005e+00 -1.45596668e+00  8.67047919e-01
  -7.53128843e-01  7.51554590e-01 -9.93290462e-01 -3.23758353e-01
   2.44987702e-01  9.40636616e-02  3.02726930e-01  1.12595999e-01
  -5.59489964e-01  9.85956393e-01 -1.23331613e+00  1.42930330e+00
  -9.19246195e-01 -1.47243807e+00  2.61042106e-02  1.59226646e+00
  -9.39771766e-01 -6.92979806e-01  5.40783678e-01 -1.53337884e+00
   1.06147329e+00  5.52086148e-01 -6.58017569e-01  3.60335979e-01
   6.07945037e-01 -1.00625466e+00  1.79016182e-01 -1.38434669e+00
   1.56530423e+00  4.06797251e-01 -4.88836511e-01  4.85608928e-01
   8.17435436e-01  7.02239457e-01  1.04428507e+00 -1.18400273e+00
  -1.49409619e+00 -1.71927960e-01  9.94638807e-01  8.87182130e-01
   1.35935408e+00  1.45823431e+00  4.69809344e-01  1.03691818e-01
   2.37891628e-01  1.10414038e+00 -1.19178341e+00  5.90758057e-01
  -1.53031542e+00  8.58388709e-01 -2.82277376e-02  1.71894452e-02
  -1.05536816e+00  2.77973835e-01  9.89227105e-01 -3.49610877e-01
   9.79154570e-01  7.57715609e-01 -8.79070528e-01  5.39849567e-01
   2.38276097e-01 -2.16458482e-01 -1.27814714e+00  1.41854326e+00
  -1.07249935e+00 -1.06805222e+00  1.83931789e-01  8.49834880e-01
  -1.18962698e-01 -7.47363213e-01  1.51270165e+00  1.00819745e+00
  -9.15602856e-01  4.97705066e-01  1.62452447e+00  6.40427371e-01
  -8.25881438e-01 -9.27592134e-01  7.09638751e-01 -1.14040341e+00
  -4.32054105e-01  1.59047929e+00  1.19697006e+00  3.51844641e-01
   8.16493528e-01 -8.86252271e-01 -1.61154108e+00 -4.99539084e-01
   9.97562618e-01 -1.55185721e+00 -2.97585624e-01  5.62623564e-01
  -1.94514315e-01 -6.73860694e-01 -5.42117411e-01  1.22361385e+00
   8.99099982e-01 -1.06344629e+00  1.49754830e+00  1.37264136e+00
  -9.41602179e-01 -1.57414210e-01  1.45171706e+00 -9.51774699e-01
  -7.73550970e-01  1.56461934e+00 -2.43049100e-01  8.58262043e-01
   1.66286029e+00 -7.01837385e-01 -1.09181520e+00  1.60618995e+00
  -4.84495551e-03 -6.14519396e-01  1.36395323e+00  2.62223814e-01
  -1.80524578e+00]]
5  true MAPs are  [[1, 1], [3, 2], [3, 3], [2, 2], [3, 1]]
We have collected all the required queries
the Oracle query times is 2**21.588289621275678
start recover nn under a subset of decision boundary points
we have found a solution
the model activation patterns of selected points are  [[1, 1], [2, 2], [3, 2], [3, 1], [3, 3]]
selected ws_signs is  [1, 1]
recovered w_2 is  [array([-0.41410161,  0.58589839]), array([1.0539299, 0.0539299])]
start checking the prediction matching ratio
prediction matching ratio is  0.720702

we have found a solution
the model activation patterns of selected points are  [[1, 1], [2, 2], [3, 2], [3, 1], [3, 3]]
selected ws_signs is  [1, 1]
recovered w_2 is  [array([-0.41410161,  0.58589839]), array([1.0539299, 0.0539299])]
start checking the prediction matching ratio
prediction matching ratio is  1.0

we have found a solution
the model activation patterns of selected points are  [[1, 1], [2, 2], [3, 2], [3, 1], [3, 3]]
selected ws_signs is  [1, 1]
recovered w_2 is  [array([-0.41410161,  0.58589839]), array([1.0539299, 0.0539299])]
start checking the prediction matching ratio
prediction matching ratio is  0.720737

we have found a solution
the model activation patterns of selected points are  [[1, 1], [2, 2], [3, 2], [3, 1], [3, 3]]
selected ws_signs is  [1, 1]
recovered w_2 is  [array([-0.41410161,  0.58589839]), array([1.0539299, 0.0539299])]
start checking the prediction matching ratio
prediction matching ratio is  0.999575

we have found a solution
the model activation patterns of selected points are  [[1, 1], [2, 2], [3, 2], [3, 1], [3, 3]]
selected ws_signs is  [1, -1]
recovered w_2 is  [array([ 0.41410161, -0.58589839]), array([-1.0539299, -0.0539299])]
start checking the prediction matching ratio
prediction matching ratio is  0.278435

we have found a solution
the model activation patterns of selected points are  [[1, 1], [2, 2], [3, 2], [3, 1], [3, 3]]
selected ws_signs is  [1, -1]
recovered w_2 is  [array([ 0.41410161, -0.58589839]), array([-1.0539299, -0.0539299])]
start checking the prediction matching ratio
prediction matching ratio is  0.27991

we have found a solution
the model activation patterns of selected points are  [[1, 1], [2, 2], [3, 2], [3, 1], [3, 3]]
selected ws_signs is  [1, -1]
recovered w_2 is  [array([ 0.41410161, -0.58589839]), array([-1.0539299, -0.0539299])]
start checking the prediction matching ratio
prediction matching ratio is  0.279182

we have found a solution
the model activation patterns of selected points are  [[1, 1], [2, 2], [3, 2], [3, 1], [3, 3]]
selected ws_signs is  [1, -1]
recovered w_2 is  [array([ 0.41410161, -0.58589839]), array([-1.0539299, -0.0539299])]
start checking the prediction matching ratio
prediction matching ratio is  0.279294

we have found a solution
the model activation patterns of selected points are  [[1, 1], [2, 2], [3, 2], [3, 1], [3, 3]]
selected ws_signs is  [-1, 1]
recovered w_2 is  [array([ 0.41410161, -0.58589839]), array([-1.0539299, -0.0539299])]
start checking the prediction matching ratio
prediction matching ratio is  0.671002

we have found a solution
the model activation patterns of selected points are  [[1, 1], [2, 2], [3, 2], [3, 1], [3, 3]]
selected ws_signs is  [-1, 1]
recovered w_2 is  [array([ 0.41410161, -0.58589839]), array([-1.0539299, -0.0539299])]
start checking the prediction matching ratio
prediction matching ratio is  0.419779

we have found a solution
the model activation patterns of selected points are  [[1, 1], [2, 2], [3, 2], [3, 1], [3, 3]]
selected ws_signs is  [-1, 1]
recovered w_2 is  [array([ 0.41410161, -0.58589839]), array([-1.0539299, -0.0539299])]
start checking the prediction matching ratio
prediction matching ratio is  0.670944

we have found a solution
the model activation patterns of selected points are  [[1, 1], [2, 2], [3, 2], [3, 1], [3, 3]]
selected ws_signs is  [-1, 1]
recovered w_2 is  [array([ 0.41410161, -0.58589839]), array([-1.0539299, -0.0539299])]
start checking the prediction matching ratio
prediction matching ratio is  0.419571

we have found a solution
the model activation patterns of selected points are  [[1, 1], [2, 2], [3, 2], [3, 1], [3, 3]]
selected ws_signs is  [-1, -1]
recovered w_2 is  [array([-0.41410161,  0.58589839]), array([1.0539299, 0.0539299])]
start checking the prediction matching ratio
prediction matching ratio is  0.278794

we have found a solution
the model activation patterns of selected points are  [[1, 1], [2, 2], [3, 2], [3, 1], [3, 3]]
selected ws_signs is  [-1, -1]
recovered w_2 is  [array([-0.41410161,  0.58589839]), array([1.0539299, 0.0539299])]
start checking the prediction matching ratio
prediction matching ratio is  0.279387

we have found a solution
the model activation patterns of selected points are  [[1, 1], [2, 2], [3, 2], [3, 1], [3, 3]]
selected ws_signs is  [-1, -1]
recovered w_2 is  [array([-0.41410161,  0.58589839]), array([1.0539299, 0.0539299])]
start checking the prediction matching ratio
prediction matching ratio is  0.279492

we have found a solution
the model activation patterns of selected points are  [[1, 1], [2, 2], [3, 2], [3, 1], [3, 3]]
selected ws_signs is  [-1, -1]
recovered w_2 is  [array([-0.41410161,  0.58589839]), array([1.0539299, 0.0539299])]
start checking the prediction matching ratio
prediction matching ratio is  0.27912

120 models are checked, and 4 extracted models are final candidates

Process finished with exit code 0
