true weights are 
[array([[-0.32943778,  0.32860948, -0.32693545, ..., -0.32672116,
          0.32682287, -0.32951707],
        [ 0.32944666, -0.32767783, -0.32897593, ..., -0.32933093,
         -0.3292531 ,  0.32679593]])
 array([[-0.7818132 , -0.62761841]])]
true biases are 
[array([[0.43927782],
        [0.21086379]]) array([[2.65584157]])]
when the recovered model is correct: 
expected w_1s are: 
[-1.          0.99748569 -0.99240424  0.99961684  0.99656889  0.99633897
 -0.99225349  0.99236884  0.99223711  0.99800538  1.00069422  1.00037751
  0.99769621  0.99698376  0.99897747 -0.99753568  0.99301888  0.99509922
  0.9942134   1.00063221 -0.99958679  0.99963524  0.99830266 -0.99623734
  0.99743674  1.0007176   0.99785993 -0.99369637 -0.99177004 -0.99661707
 -0.99637771  0.99914216 -0.99366658 -0.99643611 -0.99812638  0.99399004
 -0.99646666  0.99322166 -0.99204509 -0.99508594 -0.99733628 -1.0001611
 -0.99320693  0.99479218 -1.00127163 -0.99604972  0.99956773  0.99667858
  0.99624979 -0.9977489  -1.00011059 -0.99765194  0.99658912  0.99659007
  0.99322203  0.99613238  0.99277332  0.99368643  0.99926767  0.99678057
  0.99251014 -0.99308493  0.99951195  0.99980262 -0.99491152  0.99403693
 -1.21898584  0.99479728  0.99591885 -1.00097709 -1.00668407  0.99039036
 -0.99983911 -0.99554378 -0.99781821 -1.00087138  1.00054829 -0.99220624
 -0.99549493 -0.99938499  0.99958331 -0.99830363  0.99726459 -0.99178868
 -0.99486289 -0.99677794 -0.99681592 -0.99212186  0.99788471  0.98958927
  0.9846785  -1.0297713   0.98868551 -1.10435594  0.99136186 -1.10730953
 -1.09977809 -1.12986329 -1.16709039  0.99028623  0.98869224  0.99061788
 -1.08503649 -1.03903463 -1.01282631 -1.0056309   0.99668078 -0.99878727
 -1.00058121 -0.99295721 -0.99613673 -0.99449118  0.99771269 -0.9968635
  0.99320168  0.99508449 -0.99934988  0.98609157  0.98670579  0.99167067
  0.98684446  0.98788319 -1.21501591 -1.21650774  0.98390495  0.98688759
  0.98683665 -1.21968227 -1.21412124  0.98612075  0.98416188 -1.21445029
  0.99144805  0.99208463  0.9930038  -0.99625003  0.9943148   0.99630009
  0.99314603  0.99496714 -1.00004998  1.00003294 -0.99989831  0.99881571
 -1.00066434  0.98730562 -1.21595846  0.98772153  0.99055759  0.98938315
  0.98843099  0.98284545 -1.21956728 -0.98916716 -0.98380064  1.16143368
  1.02754417  0.98587816 -1.21577039  0.98287868 -1.21835729 -1.11818812
  0.98475529  0.98820935  0.99288853  0.99836949 -0.99661853  0.99664128
 -0.99219929 -0.99404156 -1.00031358 -0.99464385  0.99891372  0.98448071
  0.98340865  0.98987719 -1.21366788  0.98479247  0.98340689  0.98453534
  0.99083768  1.13382269  1.21327647 -0.99020206 -0.99118062  1.14931172
 -1.06513556  0.98659504  0.98558055  0.9832887  -1.07029193  0.98526242
 -0.99394457  0.99777968  0.99642537 -0.9948461   0.9976084   0.99559119
 -0.99489489 -0.99043672 -0.98471659 -1.01407861  0.98958165  0.98654612
  0.98275189  0.9890542   0.98896537 -1.05983159  0.98840355  0.98621441
  0.98811526 -0.98571084  1.21670608  1.17061323  1.21473681  1.21620487
  0.98509373  0.98381027 -1.21610861 -1.03223447 -0.99954237 -0.99732808
 -0.99248399 -0.99616492  0.9976431  -0.99327593  0.99653255 -0.98699409
 -0.98624266 -0.98641231 -1.02250648 -1.12623464  0.98670182 -1.11130088
  0.98766903 -1.04912766  0.99126722  0.99157267  0.99011623 -1.16707481
  0.98586502 -0.98606999  1.21305763 -1.20157801  0.98835247  0.98964872
 -1.21437528  0.99036419  0.9956479  -0.9962961   0.99249235 -0.99294712
 -0.99719361 -0.99388536  0.99589114 -0.99091353 -1.13680847 -0.98592839
  1.06420618 -0.99627952  0.98493294 -1.01949806 -1.01309566 -1.03467134
 -1.10077561  0.9832841   1.06934991  1.1666004   1.20264744  1.21419922
 -0.98879925 -0.98962409  0.98963299  0.98794921  0.98314438  0.98292185
 -0.99647331 -0.99713045 -0.99912364 -0.99647848  0.99757346 -0.99666191
 -0.99802221  1.0254595   1.05637427 -0.98540501 -0.98898706 -0.99094052
 -0.98890718 -0.99472625 -1.01119829  0.99673236  1.20814087  1.21618129
 -0.99181658  1.21383544  1.21592015 -0.98476134  1.21936262 -1.21932637
 -1.21463179  0.98813952  0.98720956 -1.09175233  0.98955397  0.99966586
 -0.99331639 -0.99843832 -0.99926377  1.00041556 -0.99825544  1.01344164
  1.03033086 -0.98721586 -0.98709889 -0.99186808 -0.9877155   1.12626544
  1.21104561  1.21274859  1.21382044 -0.98310848 -0.98650795  1.21999057
 -0.9859895   1.21392453  0.99038984  0.98998331  0.98806271  0.98244822
  0.98506115  0.99208245 -1.01187161 -1.00029648  0.9937769   0.99623713
 -0.99484133 -0.99759109 -0.99845772  0.99746645  1.01038972 -0.98907825
  1.03917159 -0.99125181 -0.99115378 -0.99135795 -0.98744931 -0.98596899
  1.21941313  1.21309698 -0.98471987  1.21837549  1.21859914 -0.99192697
  0.98325907  0.98423326  0.98541116  0.98916041 -1.2198032  -1.07218464
  0.99189825  0.9983218  -0.99538405 -0.99651137  0.99951268  0.99889913
 -0.99214292  1.00039494 -0.98796666 -0.99287601 -1.00478823  0.98873408
 -0.9855821  -0.9913682  -0.98956929  1.21293488  1.21789423  1.21758306
  1.21523291 -0.99013147 -0.98816765  1.21477442 -1.2155786   0.98691572
  0.98310363 -1.21710131  0.99179352  0.98299551 -1.0336371  -1.01065783
 -0.99859268  0.999719   -0.99394878 -0.99802394 -0.99534748 -0.99453558
  0.99133777 -1.05175959  0.98396312  0.98549551  0.98413676  1.01359676
 -0.98700793 -0.98549684 -0.98268949  1.21424865  1.21743618  1.21761003
  1.15300304  1.03217    -1.2151105  -1.21515456 -1.21456889  0.98762009
 -1.14118852  0.9856617  -1.06090807  0.99035133 -1.0089968  -0.99815139
  0.99951098 -0.99874088 -0.9990542   0.99569129  0.98874097  0.98614269
  0.98497672 -1.21859359  0.99090786  0.98338463 -1.21985194 -1.04609872
  1.19642048 -1.17480533 -1.21227081 -1.20880332  0.98584379 -1.03381533
  0.98680624  0.98777355  0.98727035  0.98338126 -1.10530153  0.98343489
  0.9881823  -1.07201515  0.9919279  -0.99962116  1.00062762 -0.9927558
  1.00116628 -1.01190267 -1.14715639 -1.21316217 -1.21805541  0.9914002
  0.98932228 -1.21723207 -1.2156285  -1.21620485  0.99148916 -1.21576277
 -1.21604363 -1.21875526 -1.18841742  1.21186999 -0.99876816  0.98463093
  0.9865014   0.98559549 -1.21611281 -1.21778981 -1.20935312  0.98529491
 -1.01918175  0.99276865 -0.99666468  0.99577682  1.00032852  0.98365436
  0.99106873  0.98275613  0.99186697 -1.21957471  0.98826047  0.98957995
 -1.21431335 -1.21748293 -1.21819006 -1.21340628  0.98891994 -1.2156303
 -1.1843908  -0.99273497  1.21703979  0.98341684  0.98924742  0.98840351
 -1.21741514  0.99166801  0.98307065 -1.10979008  0.98775757 -0.99973114
 -1.00044264 -0.99462194 -0.99563284  0.99133215 -1.21313256  0.98734999
 -1.21705755  0.98961515 -1.21658085 -1.21329701 -1.22030294 -1.21498178
  0.99110977 -1.21295066 -1.21299936  0.98400915 -1.04749288 -0.99234281
 -0.98595449 -1.00662293  0.98877311  0.98565693 -1.21431365  0.98315696
 -1.215111   -1.10293987 -1.0088567   0.99319226  0.99638914  0.9934935
 -0.9879626  -1.07458057  0.98551215  0.99087309  0.98647517 -1.21554401
 -1.21517075  0.99031176 -1.21490106 -1.21542777  0.98665515  0.98430591
 -1.2159879  -1.21548156 -0.98723737 -0.98550338 -0.98510141  1.03519594
 -1.21682421 -1.21732071 -1.21876535 -1.21747867  0.98313764 -1.10684621
 -1.0037175  -0.99706912  0.99493559  1.21642769 -0.98497778  0.98836813
 -1.21656082  0.98534318 -1.21868148  0.99184127  0.98754214 -1.21419192
  0.98748213  0.98575942  0.98412538  0.98291462 -1.21654168  0.987947
 -0.98878585  1.21516201 -0.98767883  0.99140519  0.98630829 -1.21520265
  0.98790941 -1.21371495  0.98483373  0.98347868  0.99278566  0.99703486
  0.99954643 -0.99586723 -0.98539099  1.00067564  0.99111084  0.98753709
 -1.21342307 -1.21984012  0.98281868 -1.21930639 -1.21679679  0.98701728
  0.98388978 -1.21345818  1.1664701  -0.98820446  1.21272911 -0.98507695
 -0.99073424 -1.21882746 -1.21662945  0.98893731  0.98939365  0.98745044
  0.98838699 -1.045056   -0.99786962 -0.99996872  0.99654171  1.00033976
  1.01007313 -0.98436284 -0.98993524 -0.99072342  1.08841259 -0.98926945
  1.21856491 -0.98406003  1.21494669  1.21479828  1.21786553 -0.98431671
  1.21787106 -0.98405806  1.21798663 -0.98593279  1.09485775 -1.21257584
 -1.21983427 -1.21664514  0.98920459 -1.21916945 -1.0935552   1.21602485
  0.99439377  0.99594556 -0.99394617  0.99469472 -0.99611313 -0.98364114
  1.03568775  1.20251748 -0.99156937 -0.98812586  1.21426518 -0.99155692
 -0.98266927  1.21638472 -0.98977369 -0.98374815 -0.98791001 -0.98529591
 -0.9829759   1.21780414 -0.98766591  0.98646122  0.98503906 -1.21862169
 -1.16119236 -1.0615618   0.98693179 -0.99625813 -0.99738192 -0.9922135
 -0.99724236 -0.99732967  0.99951081  0.99974423  1.02180174 -0.99134676
 -0.98600072  1.2166331  -0.99033183  1.21384174  1.21850024 -0.98410854
 -0.98837479 -0.98970459  1.21890379  1.21988534  1.21822467  1.09051353
  1.00193732 -1.00615919 -1.02399368 -1.02091325 -1.0165078  -1.00918906
  0.98856289  0.99136016  0.99639867  0.99888134  0.99711839  0.9967443
  0.99724324 -0.99738328 -0.9991473  -0.9898258   1.01007833  1.0247554
 -0.99038453 -0.98774612 -0.9854982  -0.98709807  1.21296741  1.18676635
 -0.9914726   1.05996713  1.21375282 -1.01189404 -0.99428075 -0.99068515
 -0.99484634 -0.99300457  0.99501357  0.99390355 -1.00091766  0.99365079
  0.99669401 -0.992046   -0.99630396  0.99627    -0.99639549  1.00100489
 -0.99602916  0.99939705  0.99431805 -0.99281011  0.99666347 -0.99142433
 -1.21721719  1.00247677  1.00262968 -1.21606096 -0.99401655  1.001007
  1.00199977 -0.99798667  1.21249812  0.99883888 -0.99626344 -0.99862402
  0.9939474   0.99928359  0.99270783 -0.99636337  0.99295465 -0.99781634
  0.9964788  -0.99971591  1.00004222 -0.99632143  0.99624242 -1.00086295
 -0.99282149 -0.99849528  0.9934957   0.99636097  0.99619854  1.00042565
 -0.99764528  0.99632453  0.99877092 -0.99695148 -0.99381819 -0.99442313
  0.99238492  0.9941776  -0.99239933 -0.99576176  0.99543261 -0.99688839
 -0.99695966 -0.99175377  0.99206251 -1.00024069]
[ 1.         -0.99463088 -0.99857115 -0.99174469 -0.99396077 -1.00097229
 -0.99644548 -0.99809738  0.99309572 -0.99563407 -0.99857478 -0.99683101
 -0.99929036 -1.21854739  1.21595219 -0.99955415 -0.99539785 -0.99434553
  0.9997441  -0.99675086  0.99201179  0.99446089 -0.99753017 -0.99884451
  0.99592951 -0.99999806  0.99985701 -0.99413033  0.99625941  0.99845995
  1.00059719 -0.99638947 -0.99334729  0.99655252  0.99632445  0.9984838
 -0.99258752  0.99921896  0.99612376  0.99580058  0.99377664  0.99514809
  0.99741936 -0.99262809 -0.99725227  0.99759232 -0.99642172 -0.99629361
  0.99633684  0.99203037 -1.00039328 -0.9920478   0.99897379  0.99554743
  0.99460124  0.99625511  0.99491807 -0.99624817 -0.99312115  0.99259325
 -1.00084738 -0.99906291  0.99845984  0.9938449  -0.99529806 -0.99602568
 -1.00557077 -0.99822941  0.99099838  0.9898699   0.99651417 -1.21872956
 -0.99781006 -0.99262044  0.99611412  0.99232505 -0.99397218 -1.21946521
  1.00086572 -0.996847   -0.99680593 -0.99916698 -0.99928452  0.99337155
  0.99325558 -0.99304427  0.99712805 -1.21497812  0.99679466 -0.99960786
  0.99524227 -1.00824023  0.98533919  0.98586962  0.98995104  0.98629161
  0.98404235 -1.02802723 -1.01802613 -1.0191797   0.98546676 -1.00403037
 -0.9987868  -0.99496795  0.99806599  0.99349664 -0.99842487  1.00020187
 -0.99694942  0.99405684 -0.9999293   0.99837807  0.99894827  1.00081137
  0.99647303 -0.99962189  0.99759022 -1.00083971 -1.00940284  0.98452102
 -1.0326797  -1.03398489  0.99186903 -1.00885879  0.98744904 -1.00742928
 -1.00143214  1.0039408   0.99025306 -1.01131763 -1.01148652 -1.0190685
 -1.00423761  0.99178875 -0.99612752 -0.99904889 -0.99421238 -0.99467511
 -0.99279492 -0.99873254 -0.99594172 -0.99654765 -0.99833743 -0.99842574
 -0.99383005  0.99323233  0.99232662  0.99170531 -1.01860392  0.99762443
 -0.98725705  1.12654453  1.19638724  1.21449282  1.21429165 -0.98506173
 -0.99124943 -0.99073991 -0.98268844 -0.98552603 -0.99105008 -0.99592152
  0.99856577  0.99377636  0.99699099  0.99829051  0.99307385  0.99284323
  0.99853257  0.99711961  0.99558176  0.99754195 -0.99813784 -1.00403203
 -1.01211859 -1.00891127 -0.9922623  -0.98444353 -0.98286077  1.2182326
 -0.9916726  -0.9872177  -0.99010042 -0.99192926 -0.98704449 -0.9836804
 -0.99174773 -0.98577194  1.00230822 -1.0002532   0.99685576 -0.9944962
 -0.99304595  0.99458372  0.99438856  0.99419434 -0.99994949  0.99255903
 -0.9997964  -0.98907432  1.00280589 -0.98754797 -0.9967285  -0.99234664
 -0.99119695 -0.98852777  1.13619123  1.20456236 -0.98761096 -0.99049825
  1.20851865 -0.98580158  1.21350684 -0.98892808  1.21893486  1.1027943
  0.99805426 -1.0426789   0.98670358 -0.99804428  0.9974582   0.99596161
 -0.99275405 -0.99356182 -0.99308251  0.99203211  1.00010328 -0.98915606
  1.01489792  1.01073198  0.99765238  1.00570805  1.01579841  1.04611864
  1.06935424  1.07516642 -0.98938834  0.98828899  0.99041594 -0.99191632
  1.19023389  1.21561726 -0.98543636 -0.9870155   1.00083075  0.98946738
 -1.03536029 -1.00406741 -0.99513582 -0.9968535   0.99350066 -0.99639691
  0.99631828 -0.9944713   0.99794621 -0.99115676  1.21313248  1.01190616
 -0.99231678 -0.99271507  1.00505939  1.01280145  1.0141765   0.98795896
 -1.03495196  0.98527185  0.98826639  1.07384921  1.19362541  1.2176185
 -0.99013245 -0.99203267  0.98750501  0.98855769  0.98406078 -1.01346158
  0.99717406 -0.99678845 -0.99742459 -0.99362584 -0.99977233  0.99182733
 -0.99137034  1.00479835 -0.98582714  1.00743748 -0.98680059  1.01503955
 -0.99022507  1.00821901 -1.00754781  0.99174429 -1.00342816  1.05925925
 -0.98518275  1.21622016  1.21552907  1.21773317  1.17268864 -0.98973319
 -1.05996427 -1.11988839 -1.08447035 -1.02189258  0.99632469  0.99141235
 -0.99963881  0.99521822 -0.99394443  0.99721467 -0.99901368  1.00021678
 -0.98762121 -0.99530283 -0.99238564 -0.98534454 -1.21350891 -0.98463055
  1.21522474  1.07633361  1.18411208  1.21298847 -0.99183015  1.21430146
 -0.98741737 -0.99024047  1.05634415 -1.04547779  0.98643539 -1.14061018
  0.99191216  0.9833547   0.99372292  0.99417814  0.99578567 -0.99486206
 -0.99663649 -0.99682616  0.9965357   0.99726727  1.00214945 -0.98806827
 -0.99278028  1.01597309  1.02127485  1.06544065 -0.98963161 -0.98870618
  1.21980152 -0.9831714   1.21951785  1.21681239 -0.98628281  1.20946494
 -1.00857542 -1.14248816 -1.17382346  0.99175992  0.99045232  0.991253
  0.98690957 -1.00060995 -0.99940926  0.99647445 -0.99699385  0.9978457
  0.99816711  0.99982497  0.99528975 -0.99883575 -0.99154097  1.00268729
 -0.9848859  -0.99049341 -0.99076023 -0.99005494 -0.98541256 -0.98405078
 -0.98279541 -0.98597279 -0.98800148 -0.98520563 -1.01522052  0.99099342
 -1.18074705  0.98431998 -1.0407834   0.98569949  0.9903698   0.99262964
 -1.00302107  0.99600784 -1.00028888  0.99854504 -0.99402183 -0.99226216
 -0.99314491 -1.00185348  0.98838356 -1.01614708 -1.00086929 -0.98707673
 -0.99194414  1.2183464  -0.98927489 -0.98376148  1.21266066 -0.98426678
 -0.99116671 -0.98473286  0.99619599  0.98338694 -1.11264756 -1.06007392
 -1.02721623  0.98991618 -1.0167168   0.98758212  0.98732155 -1.00051897
 -1.00055351  0.99296642  0.99866574 -0.99892098  0.99031008  0.98683853
  0.98799156  0.98495974 -1.13117627  0.98678822  0.99694204 -0.98785637
  1.21374001 -0.99125288 -1.11814959  1.21598423 -0.9877291  -0.99205687
  0.9943402   0.99168371 -1.08506259 -1.04306535 -1.03823036  0.99020224
 -1.04412596  0.98643308 -1.00750107  0.99118087 -0.99669535  0.9978472
 -0.99428296  0.99143546 -1.01804492 -1.07564781  0.98710632  0.99019298
  0.98783961  0.99033488  0.9827789   0.98910246  0.99029678  0.98798251
 -1.00070774 -0.99043098  1.15770015 -0.98698787  1.01045662  0.98947022
 -1.13197972 -1.10811523  0.99057543  0.98860938 -1.06327765  0.98980651
  0.99203495 -0.99809207  0.99435938  0.9955205   0.99498968 -1.00657453
 -1.05953938  0.98543179  0.98432902 -1.21890443  0.98519418  0.98394289
  0.98857384 -1.21894661 -1.1918947  -1.19605936  0.98397893  0.98388853
  1.07717682  1.16570281  1.09080066 -1.05907593 -1.18648025 -1.1899565
  0.98459934  0.99199001 -1.0991489  -1.04685747  0.98994862  0.99492409
  0.99911746  0.99679126 -0.99445256  0.98442727  0.98553984 -1.17864411
 -1.21498563 -1.21692227 -1.21301833  0.99091911 -1.21913795 -1.21948335
 -1.21668076 -1.21861098  0.98698204 -1.19991215  1.04589457  1.21704198
  1.18469255  0.98902069  0.98920336 -1.20727925  0.98339387  0.98696368
  0.98391585 -1.04074133  0.9884304  -0.99760145  0.99941292 -1.21781985
 -0.99145791  0.99121594  0.98590809  0.98973533  0.98467577 -1.21841128
 -1.21658645 -1.21776093 -1.21326216 -1.21714284  0.98771111 -1.21662756
  0.99055729  0.98821572 -0.99090725  1.21428817 -0.99137668 -0.98665873
  0.9880458  -1.14813916  0.99134618 -1.14574576  0.98397321  0.99138863
 -0.99979373 -0.99260512  0.99694305 -0.99584323  0.9930148  -1.01157901
 -1.06037428  0.98671029  0.98619828  1.18573847  0.98883211  0.98855271
 -1.21292266 -1.21671673  0.98334713 -1.21490572 -1.11366945  1.11032217
 -0.9865397   1.21657432  1.21739105 -0.99208238 -1.0525701   0.98386832
  0.98638207 -1.0887974  -1.05717487  0.98671751  0.99428575  0.9939706
  0.99792705 -0.99530447 -0.998778    0.99446509  0.98714297 -1.03663453
 -1.04011368 -1.0260649  -1.02957771  0.98314268  0.9864925  -1.13251526
 -1.09338788  1.00640645  1.20680677 -0.98732663  1.21976789 -0.98487835
 -0.98599279 -0.99067106  0.98408905  0.98835313 -1.05999925  0.99129245
 -1.01991251  0.99098169 -1.00089161 -1.00044929 -0.9963061  -0.99394962
 -0.99539489 -0.99107487 -1.216667   -0.98323134  1.04014948 -0.98322896
 -0.98970492 -0.9871854   1.21975092 -0.98990526 -0.98751685  1.21682438
  1.21872139 -0.98609592  1.21314489  1.2196169  -0.98519788  1.05051297
 -0.9963282  -1.02124061  0.99165922 -1.01633629 -0.99906197 -1.0006931
  0.99207838 -0.99694846 -0.99421101 -0.99260127 -0.99513885  1.0041924
  1.00660877  1.02223393 -0.9894774   1.13512356  1.21897607 -0.99080143
  1.21260823  1.21488096 -0.9840826  -0.98553517  1.21479127  1.21588005
  1.21301965 -0.98416868 -0.99025105  1.02414129  0.98497847  0.98611153
  0.98923124 -1.00278177  0.99836165 -1.21424617 -0.99759577 -0.99944627
  0.99266389  0.99334969 -0.9962303   1.00031121  1.00375394 -0.98677611
  1.04257767 -0.98306013  1.1531642   1.2138899   1.21898375  1.21283951
 -0.98352232 -0.98742262  1.21708641  1.20473662  1.10659132  1.05294761
 -0.99162933  0.99885987  0.99406932 -0.9995927   0.99251462 -0.99902617
  0.99562603 -0.99298156  0.99834048 -0.99408001  0.9977786   0.99254533
  0.9956335  -0.99809131  0.99244552 -0.9919086  -0.98731756  1.10637335
 -0.98562156 -0.98709582  1.09029264  1.10975258  1.10243467  1.19773081
 -0.9881175  -0.98757797  1.01789912  1.01429806  1.00094249 -0.99192981
 -0.99734447  0.99788198  0.99209563  0.99534113 -0.99217648 -0.99421625
  0.99636433 -0.99948027  0.99838585 -0.99951195 -0.99827128 -0.99838651
 -0.9934745  -0.99268357  0.99870518  0.99868843 -0.99603931  1.00258373
 -0.9956719   1.00420805  0.99630625 -0.99554582 -0.99803064 -0.99865986
  0.99722194 -0.99469932 -1.13580364  0.99408552 -0.9940182   0.99960779
  0.99433304 -1.00068497 -0.99861298  0.9934825   0.99482439  0.99860019
  0.99643017  0.99343932  0.99785703  0.99765702  1.00006408  1.0004993
  0.99600647  0.99811214  0.99232918 -0.99978397 -1.00047001  0.99996183
 -1.000417   -0.99874872 -0.99586892 -0.99405853  0.99526999 -0.99905787
  0.9963353  -0.99738438  1.00054484  0.99952798 -0.99592613  0.99623778
  1.00070819 -0.99964869 -0.99941245  0.991954  ]
expected w_2 is: 
[-5.07085213 -4.07085213]
when we regard k-deep nn as a zero-deep nn: 
expected gamma_ps are: 
[ 1.         -0.99748569  0.99240424 -0.99961684 -0.99656889 -0.99633897
  0.99225349 -0.99236884 -0.99223711 -0.99800538 -1.00069422 -1.00037751
 -0.99769621 -0.99698376 -0.99897747  0.99753568 -0.99301888 -0.99509922
 -0.9942134  -1.00063221  0.99958679 -0.99963524 -0.99830266  0.99623734
 -0.99743674 -1.0007176  -0.99785993  0.99369637  0.99177004  0.99661707
  0.99637771 -0.99914216  0.99366658  0.99643611  0.99812638 -0.99399004
  0.99646666 -0.99322166  0.99204509  0.99508594  0.99733628  1.0001611
  0.99320693 -0.99479218  1.00127163  0.99604972 -0.99956773 -0.99667858
 -0.99624979  0.9977489   1.00011059  0.99765194 -0.99658912 -0.99659007
 -0.99322203 -0.99613238 -0.99277332 -0.99368643 -0.99926767 -0.99678057
 -0.99251014  0.99308493 -0.99951195 -0.99980262  0.99491152 -0.99403693
  1.21898584 -0.99479728 -0.99591885  1.00097709  1.00668407 -0.99039036
  0.99983911  0.99554378  0.99781821  1.00087138 -1.00054829  0.99220624
  0.99549493  0.99938499 -0.99958331  0.99830363 -0.99726459  0.99178868
  0.99486289  0.99677794  0.99681592  0.99212186 -0.99788471 -0.98958927
 -0.9846785   1.0297713  -0.98868551  1.10435594 -0.99136186  1.10730953
  1.09977809  1.12986329  1.16709039 -0.99028623 -0.98869224 -0.99061788
  1.08503649  1.03903463  1.01282631  1.0056309  -0.99668078  0.99878727
  1.00058121  0.99295721  0.99613673  0.99449118 -0.99771269  0.9968635
 -0.99320168 -0.99508449  0.99934988 -0.98609157 -0.98670579 -0.99167067
 -0.98684446 -0.98788319  1.21501591  1.21650774 -0.98390495 -0.98688759
 -0.98683665  1.21968227  1.21412124 -0.98612075 -0.98416188  1.21445029
 -0.99144805 -0.99208463 -0.9930038   0.99625003 -0.9943148  -0.99630009
 -0.99314603 -0.99496714  1.00004998 -1.00003294  0.99989831 -0.99881571
  1.00066434 -0.98730562  1.21595846 -0.98772153 -0.99055759 -0.98938315
 -0.98843099 -0.98284545  1.21956728  0.98916716  0.98380064 -1.16143368
 -1.02754417 -0.98587816  1.21577039 -0.98287868  1.21835729  1.11818812
 -0.98475529 -0.98820935 -0.99288853 -0.99836949  0.99661853 -0.99664128
  0.99219929  0.99404156  1.00031358  0.99464385 -0.99891372 -0.98448071
 -0.98340865 -0.98987719  1.21366788 -0.98479247 -0.98340689 -0.98453534
 -0.99083768 -1.13382269 -1.21327647  0.99020206  0.99118062 -1.14931172
  1.06513556 -0.98659504 -0.98558055 -0.9832887   1.07029193 -0.98526242
  0.99394457 -0.99777968 -0.99642537  0.9948461  -0.9976084  -0.99559119
  0.99489489  0.99043672  0.98471659  1.01407861 -0.98958165 -0.98654612
 -0.98275189 -0.9890542  -0.98896537  1.05983159 -0.98840355 -0.98621441
 -0.98811526  0.98571084 -1.21670608 -1.17061323 -1.21473681 -1.21620487
 -0.98509373 -0.98381027  1.21610861  1.03223447  0.99954237  0.99732808
  0.99248399  0.99616492 -0.9976431   0.99327593 -0.99653255  0.98699409
  0.98624266  0.98641231  1.02250648  1.12623464 -0.98670182  1.11130088
 -0.98766903  1.04912766 -0.99126722 -0.99157267 -0.99011623  1.16707481
 -0.98586502  0.98606999 -1.21305763  1.20157801 -0.98835247 -0.98964872
  1.21437528 -0.99036419 -0.9956479   0.9962961  -0.99249235  0.99294712
  0.99719361  0.99388536 -0.99589114  0.99091353  1.13680847  0.98592839
 -1.06420618  0.99627952 -0.98493294  1.01949806  1.01309566  1.03467134
  1.10077561 -0.9832841  -1.06934991 -1.1666004  -1.20264744 -1.21419922
  0.98879925  0.98962409 -0.98963299 -0.98794921 -0.98314438 -0.98292185
  0.99647331  0.99713045  0.99912364  0.99647848 -0.99757346  0.99666191
  0.99802221 -1.0254595  -1.05637427  0.98540501  0.98898706  0.99094052
  0.98890718  0.99472625  1.01119829 -0.99673236 -1.20814087 -1.21618129
  0.99181658 -1.21383544 -1.21592015  0.98476134 -1.21936262  1.21932637
  1.21463179 -0.98813952 -0.98720956  1.09175233 -0.98955397 -0.99966586
  0.99331639  0.99843832  0.99926377 -1.00041556  0.99825544 -1.01344164
 -1.03033086  0.98721586  0.98709889  0.99186808  0.9877155  -1.12626544
 -1.21104561 -1.21274859 -1.21382044  0.98310848  0.98650795 -1.21999057
  0.9859895  -1.21392453 -0.99038984 -0.98998331 -0.98806271 -0.98244822
 -0.98506115 -0.99208245  1.01187161  1.00029648 -0.9937769  -0.99623713
  0.99484133  0.99759109  0.99845772 -0.99746645 -1.01038972  0.98907825
 -1.03917159  0.99125181  0.99115378  0.99135795  0.98744931  0.98596899
 -1.21941313 -1.21309698  0.98471987 -1.21837549 -1.21859914  0.99192697
 -0.98325907 -0.98423326 -0.98541116 -0.98916041  1.2198032   1.07218464
 -0.99189825 -0.9983218   0.99538405  0.99651137 -0.99951268 -0.99889913
  0.99214292 -1.00039494  0.98796666  0.99287601  1.00478823 -0.98873408
  0.9855821   0.9913682   0.98956929 -1.21293488 -1.21789423 -1.21758306
 -1.21523291  0.99013147  0.98816765 -1.21477442  1.2155786  -0.98691572
 -0.98310363  1.21710131 -0.99179352 -0.98299551  1.0336371   1.01065783
  0.99859268 -0.999719    0.99394878  0.99802394  0.99534748  0.99453558
 -0.99133777  1.05175959 -0.98396312 -0.98549551 -0.98413676 -1.01359676
  0.98700793  0.98549684  0.98268949 -1.21424865 -1.21743618 -1.21761003
 -1.15300304 -1.03217     1.2151105   1.21515456  1.21456889 -0.98762009
  1.14118852 -0.9856617   1.06090807 -0.99035133  1.0089968   0.99815139
 -0.99951098  0.99874088  0.9990542  -0.99569129 -0.98874097 -0.98614269
 -0.98497672  1.21859359 -0.99090786 -0.98338463  1.21985194  1.04609872
 -1.19642048  1.17480533  1.21227081  1.20880332 -0.98584379  1.03381533
 -0.98680624 -0.98777355 -0.98727035 -0.98338126  1.10530153 -0.98343489
 -0.9881823   1.07201515 -0.9919279   0.99962116 -1.00062762  0.9927558
 -1.00116628  1.01190267  1.14715639  1.21316217  1.21805541 -0.9914002
 -0.98932228  1.21723207  1.2156285   1.21620485 -0.99148916  1.21576277
  1.21604363  1.21875526  1.18841742 -1.21186999  0.99876816 -0.98463093
 -0.9865014  -0.98559549  1.21611281  1.21778981  1.20935312 -0.98529491
  1.01918175 -0.99276865  0.99666468 -0.99577682 -1.00032852 -0.98365436
 -0.99106873 -0.98275613 -0.99186697  1.21957471 -0.98826047 -0.98957995
  1.21431335  1.21748293  1.21819006  1.21340628 -0.98891994  1.2156303
  1.1843908   0.99273497 -1.21703979 -0.98341684 -0.98924742 -0.98840351
  1.21741514 -0.99166801 -0.98307065  1.10979008 -0.98775757  0.99973114
  1.00044264  0.99462194  0.99563284 -0.99133215  1.21313256 -0.98734999
  1.21705755 -0.98961515  1.21658085  1.21329701  1.22030294  1.21498178
 -0.99110977  1.21295066  1.21299936 -0.98400915  1.04749288  0.99234281
  0.98595449  1.00662293 -0.98877311 -0.98565693  1.21431365 -0.98315696
  1.215111    1.10293987  1.0088567  -0.99319226 -0.99638914 -0.9934935
  0.9879626   1.07458057 -0.98551215 -0.99087309 -0.98647517  1.21554401
  1.21517075 -0.99031176  1.21490106  1.21542777 -0.98665515 -0.98430591
  1.2159879   1.21548156  0.98723737  0.98550338  0.98510141 -1.03519594
  1.21682421  1.21732071  1.21876535  1.21747867 -0.98313764  1.10684621
  1.0037175   0.99706912 -0.99493559 -1.21642769  0.98497778 -0.98836813
  1.21656082 -0.98534318  1.21868148 -0.99184127 -0.98754214  1.21419192
 -0.98748213 -0.98575942 -0.98412538 -0.98291462  1.21654168 -0.987947
  0.98878585 -1.21516201  0.98767883 -0.99140519 -0.98630829  1.21520265
 -0.98790941  1.21371495 -0.98483373 -0.98347868 -0.99278566 -0.99703486
 -0.99954643  0.99586723  0.98539099 -1.00067564 -0.99111084 -0.98753709
  1.21342307  1.21984012 -0.98281868  1.21930639  1.21679679 -0.98701728
 -0.98388978  1.21345818 -1.1664701   0.98820446 -1.21272911  0.98507695
  0.99073424  1.21882746  1.21662945 -0.98893731 -0.98939365 -0.98745044
 -0.98838699  1.045056    0.99786962  0.99996872 -0.99654171 -1.00033976
 -1.01007313  0.98436284  0.98993524  0.99072342 -1.08841259  0.98926945
 -1.21856491  0.98406003 -1.21494669 -1.21479828 -1.21786553  0.98431671
 -1.21787106  0.98405806 -1.21798663  0.98593279 -1.09485775  1.21257584
  1.21983427  1.21664514 -0.98920459  1.21916945  1.0935552  -1.21602485
 -0.99439377 -0.99594556  0.99394617 -0.99469472  0.99611313  0.98364114
 -1.03568775 -1.20251748  0.99156937  0.98812586 -1.21426518  0.99155692
  0.98266927 -1.21638472  0.98977369  0.98374815  0.98791001  0.98529591
  0.9829759  -1.21780414  0.98766591 -0.98646122 -0.98503906  1.21862169
  1.16119236  1.0615618  -0.98693179  0.99625813  0.99738192  0.9922135
  0.99724236  0.99732967 -0.99951081 -0.99974423 -1.02180174  0.99134676
  0.98600072 -1.2166331   0.99033183 -1.21384174 -1.21850024  0.98410854
  0.98837479  0.98970459 -1.21890379 -1.21988534 -1.21822467 -1.09051353
 -1.00193732  1.00615919  1.02399368  1.02091325  1.0165078   1.00918906
 -0.98856289 -0.99136016 -0.99639867 -0.99888134 -0.99711839 -0.9967443
 -0.99724324  0.99738328  0.9991473   0.9898258  -1.01007833 -1.0247554
  0.99038453  0.98774612  0.9854982   0.98709807 -1.21296741 -1.18676635
  0.9914726  -1.05996713 -1.21375282  1.01189404  0.99428075  0.99068515
  0.99484634  0.99300457 -0.99501357 -0.99390355  1.00091766 -0.99365079
 -0.99669401  0.992046    0.99630396 -0.99627     0.99639549 -1.00100489
  0.99602916 -0.99939705 -0.99431805  0.99281011 -0.99666347  0.99142433
  1.21721719 -1.00247677 -1.00262968  1.21606096  0.99401655 -1.001007
 -1.00199977  0.99798667 -1.21249812 -0.99883888  0.99626344  0.99862402
 -0.9939474  -0.99928359 -0.99270783  0.99636337 -0.99295465  0.99781634
 -0.9964788   0.99971591 -1.00004222  0.99632143 -0.99624242  1.00086295
  0.99282149  0.99849528 -0.9934957  -0.99636097 -0.99619854 -1.00042565
  0.99764528 -0.99632453 -0.99877092  0.99695148  0.99381819  0.99442313
 -0.99238492 -0.9941776   0.99239933  0.99576176 -0.99543261  0.99688839
  0.99695966  0.99175377 -0.99206251  1.00024069]
[-1.          0.99463088  0.99857115  0.99174469  0.99396077  1.00097229
  0.99644548  0.99809738 -0.99309572  0.99563407  0.99857478  0.99683101
  0.99929036  1.21854739 -1.21595219  0.99955415  0.99539785  0.99434553
 -0.9997441   0.99675086 -0.99201179 -0.99446089  0.99753017  0.99884451
 -0.99592951  0.99999806 -0.99985701  0.99413033 -0.99625941 -0.99845995
 -1.00059719  0.99638947  0.99334729 -0.99655252 -0.99632445 -0.9984838
  0.99258752 -0.99921896 -0.99612376 -0.99580058 -0.99377664 -0.99514809
 -0.99741936  0.99262809  0.99725227 -0.99759232  0.99642172  0.99629361
 -0.99633684 -0.99203037  1.00039328  0.9920478  -0.99897379 -0.99554743
 -0.99460124 -0.99625511 -0.99491807  0.99624817  0.99312115 -0.99259325
  1.00084738  0.99906291 -0.99845984 -0.9938449   0.99529806  0.99602568
  1.00557077  0.99822941 -0.99099838 -0.9898699  -0.99651417  1.21872956
  0.99781006  0.99262044 -0.99611412 -0.99232505  0.99397218  1.21946521
 -1.00086572  0.996847    0.99680593  0.99916698  0.99928452 -0.99337155
 -0.99325558  0.99304427 -0.99712805  1.21497812 -0.99679466  0.99960786
 -0.99524227  1.00824023 -0.98533919 -0.98586962 -0.98995104 -0.98629161
 -0.98404235  1.02802723  1.01802613  1.0191797  -0.98546676  1.00403037
  0.9987868   0.99496795 -0.99806599 -0.99349664  0.99842487 -1.00020187
  0.99694942 -0.99405684  0.9999293  -0.99837807 -0.99894827 -1.00081137
 -0.99647303  0.99962189 -0.99759022  1.00083971  1.00940284 -0.98452102
  1.0326797   1.03398489 -0.99186903  1.00885879 -0.98744904  1.00742928
  1.00143214 -1.0039408  -0.99025306  1.01131763  1.01148652  1.0190685
  1.00423761 -0.99178875  0.99612752  0.99904889  0.99421238  0.99467511
  0.99279492  0.99873254  0.99594172  0.99654765  0.99833743  0.99842574
  0.99383005 -0.99323233 -0.99232662 -0.99170531  1.01860392 -0.99762443
  0.98725705 -1.12654453 -1.19638724 -1.21449282 -1.21429165  0.98506173
  0.99124943  0.99073991  0.98268844  0.98552603  0.99105008  0.99592152
 -0.99856577 -0.99377636 -0.99699099 -0.99829051 -0.99307385 -0.99284323
 -0.99853257 -0.99711961 -0.99558176 -0.99754195  0.99813784  1.00403203
  1.01211859  1.00891127  0.9922623   0.98444353  0.98286077 -1.2182326
  0.9916726   0.9872177   0.99010042  0.99192926  0.98704449  0.9836804
  0.99174773  0.98577194 -1.00230822  1.0002532  -0.99685576  0.9944962
  0.99304595 -0.99458372 -0.99438856 -0.99419434  0.99994949 -0.99255903
  0.9997964   0.98907432 -1.00280589  0.98754797  0.9967285   0.99234664
  0.99119695  0.98852777 -1.13619123 -1.20456236  0.98761096  0.99049825
 -1.20851865  0.98580158 -1.21350684  0.98892808 -1.21893486 -1.1027943
 -0.99805426  1.0426789  -0.98670358  0.99804428 -0.9974582  -0.99596161
  0.99275405  0.99356182  0.99308251 -0.99203211 -1.00010328  0.98915606
 -1.01489792 -1.01073198 -0.99765238 -1.00570805 -1.01579841 -1.04611864
 -1.06935424 -1.07516642  0.98938834 -0.98828899 -0.99041594  0.99191632
 -1.19023389 -1.21561726  0.98543636  0.9870155  -1.00083075 -0.98946738
  1.03536029  1.00406741  0.99513582  0.9968535  -0.99350066  0.99639691
 -0.99631828  0.9944713  -0.99794621  0.99115676 -1.21313248 -1.01190616
  0.99231678  0.99271507 -1.00505939 -1.01280145 -1.0141765  -0.98795896
  1.03495196 -0.98527185 -0.98826639 -1.07384921 -1.19362541 -1.2176185
  0.99013245  0.99203267 -0.98750501 -0.98855769 -0.98406078  1.01346158
 -0.99717406  0.99678845  0.99742459  0.99362584  0.99977233 -0.99182733
  0.99137034 -1.00479835  0.98582714 -1.00743748  0.98680059 -1.01503955
  0.99022507 -1.00821901  1.00754781 -0.99174429  1.00342816 -1.05925925
  0.98518275 -1.21622016 -1.21552907 -1.21773317 -1.17268864  0.98973319
  1.05996427  1.11988839  1.08447035  1.02189258 -0.99632469 -0.99141235
  0.99963881 -0.99521822  0.99394443 -0.99721467  0.99901368 -1.00021678
  0.98762121  0.99530283  0.99238564  0.98534454  1.21350891  0.98463055
 -1.21522474 -1.07633361 -1.18411208 -1.21298847  0.99183015 -1.21430146
  0.98741737  0.99024047 -1.05634415  1.04547779 -0.98643539  1.14061018
 -0.99191216 -0.9833547  -0.99372292 -0.99417814 -0.99578567  0.99486206
  0.99663649  0.99682616 -0.9965357  -0.99726727 -1.00214945  0.98806827
  0.99278028 -1.01597309 -1.02127485 -1.06544065  0.98963161  0.98870618
 -1.21980152  0.9831714  -1.21951785 -1.21681239  0.98628281 -1.20946494
  1.00857542  1.14248816  1.17382346 -0.99175992 -0.99045232 -0.991253
 -0.98690957  1.00060995  0.99940926 -0.99647445  0.99699385 -0.9978457
 -0.99816711 -0.99982497 -0.99528975  0.99883575  0.99154097 -1.00268729
  0.9848859   0.99049341  0.99076023  0.99005494  0.98541256  0.98405078
  0.98279541  0.98597279  0.98800148  0.98520563  1.01522052 -0.99099342
  1.18074705 -0.98431998  1.0407834  -0.98569949 -0.9903698  -0.99262964
  1.00302107 -0.99600784  1.00028888 -0.99854504  0.99402183  0.99226216
  0.99314491  1.00185348 -0.98838356  1.01614708  1.00086929  0.98707673
  0.99194414 -1.2183464   0.98927489  0.98376148 -1.21266066  0.98426678
  0.99116671  0.98473286 -0.99619599 -0.98338694  1.11264756  1.06007392
  1.02721623 -0.98991618  1.0167168  -0.98758212 -0.98732155  1.00051897
  1.00055351 -0.99296642 -0.99866574  0.99892098 -0.99031008 -0.98683853
 -0.98799156 -0.98495974  1.13117627 -0.98678822 -0.99694204  0.98785637
 -1.21374001  0.99125288  1.11814959 -1.21598423  0.9877291   0.99205687
 -0.9943402  -0.99168371  1.08506259  1.04306535  1.03823036 -0.99020224
  1.04412596 -0.98643308  1.00750107 -0.99118087  0.99669535 -0.9978472
  0.99428296 -0.99143546  1.01804492  1.07564781 -0.98710632 -0.99019298
 -0.98783961 -0.99033488 -0.9827789  -0.98910246 -0.99029678 -0.98798251
  1.00070774  0.99043098 -1.15770015  0.98698787 -1.01045662 -0.98947022
  1.13197972  1.10811523 -0.99057543 -0.98860938  1.06327765 -0.98980651
 -0.99203495  0.99809207 -0.99435938 -0.9955205  -0.99498968  1.00657453
  1.05953938 -0.98543179 -0.98432902  1.21890443 -0.98519418 -0.98394289
 -0.98857384  1.21894661  1.1918947   1.19605936 -0.98397893 -0.98388853
 -1.07717682 -1.16570281 -1.09080066  1.05907593  1.18648025  1.1899565
 -0.98459934 -0.99199001  1.0991489   1.04685747 -0.98994862 -0.99492409
 -0.99911746 -0.99679126  0.99445256 -0.98442727 -0.98553984  1.17864411
  1.21498563  1.21692227  1.21301833 -0.99091911  1.21913795  1.21948335
  1.21668076  1.21861098 -0.98698204  1.19991215 -1.04589457 -1.21704198
 -1.18469255 -0.98902069 -0.98920336  1.20727925 -0.98339387 -0.98696368
 -0.98391585  1.04074133 -0.9884304   0.99760145 -0.99941292  1.21781985
  0.99145791 -0.99121594 -0.98590809 -0.98973533 -0.98467577  1.21841128
  1.21658645  1.21776093  1.21326216  1.21714284 -0.98771111  1.21662756
 -0.99055729 -0.98821572  0.99090725 -1.21428817  0.99137668  0.98665873
 -0.9880458   1.14813916 -0.99134618  1.14574576 -0.98397321 -0.99138863
  0.99979373  0.99260512 -0.99694305  0.99584323 -0.9930148   1.01157901
  1.06037428 -0.98671029 -0.98619828 -1.18573847 -0.98883211 -0.98855271
  1.21292266  1.21671673 -0.98334713  1.21490572  1.11366945 -1.11032217
  0.9865397  -1.21657432 -1.21739105  0.99208238  1.0525701  -0.98386832
 -0.98638207  1.0887974   1.05717487 -0.98671751 -0.99428575 -0.9939706
 -0.99792705  0.99530447  0.998778   -0.99446509 -0.98714297  1.03663453
  1.04011368  1.0260649   1.02957771 -0.98314268 -0.9864925   1.13251526
  1.09338788 -1.00640645 -1.20680677  0.98732663 -1.21976789  0.98487835
  0.98599279  0.99067106 -0.98408905 -0.98835313  1.05999925 -0.99129245
  1.01991251 -0.99098169  1.00089161  1.00044929  0.9963061   0.99394962
  0.99539489  0.99107487  1.216667    0.98323134 -1.04014948  0.98322896
  0.98970492  0.9871854  -1.21975092  0.98990526  0.98751685 -1.21682438
 -1.21872139  0.98609592 -1.21314489 -1.2196169   0.98519788 -1.05051297
  0.9963282   1.02124061 -0.99165922  1.01633629  0.99906197  1.0006931
 -0.99207838  0.99694846  0.99421101  0.99260127  0.99513885 -1.0041924
 -1.00660877 -1.02223393  0.9894774  -1.13512356 -1.21897607  0.99080143
 -1.21260823 -1.21488096  0.9840826   0.98553517 -1.21479127 -1.21588005
 -1.21301965  0.98416868  0.99025105 -1.02414129 -0.98497847 -0.98611153
 -0.98923124  1.00278177 -0.99836165  1.21424617  0.99759577  0.99944627
 -0.99266389 -0.99334969  0.9962303  -1.00031121 -1.00375394  0.98677611
 -1.04257767  0.98306013 -1.1531642  -1.2138899  -1.21898375 -1.21283951
  0.98352232  0.98742262 -1.21708641 -1.20473662 -1.10659132 -1.05294761
  0.99162933 -0.99885987 -0.99406932  0.9995927  -0.99251462  0.99902617
 -0.99562603  0.99298156 -0.99834048  0.99408001 -0.9977786  -0.99254533
 -0.9956335   0.99809131 -0.99244552  0.9919086   0.98731756 -1.10637335
  0.98562156  0.98709582 -1.09029264 -1.10975258 -1.10243467 -1.19773081
  0.9881175   0.98757797 -1.01789912 -1.01429806 -1.00094249  0.99192981
  0.99734447 -0.99788198 -0.99209563 -0.99534113  0.99217648  0.99421625
 -0.99636433  0.99948027 -0.99838585  0.99951195  0.99827128  0.99838651
  0.9934745   0.99268357 -0.99870518 -0.99868843  0.99603931 -1.00258373
  0.9956719  -1.00420805 -0.99630625  0.99554582  0.99803064  0.99865986
 -0.99722194  0.99469932  1.13580364 -0.99408552  0.9940182  -0.99960779
 -0.99433304  1.00068497  0.99861298 -0.9934825  -0.99482439 -0.99860019
 -0.99643017 -0.99343932 -0.99785703 -0.99765702 -1.00006408 -1.0004993
 -0.99600647 -0.99811214 -0.99232918  0.99978397  1.00047001 -0.99996183
  1.000417    0.99874872  0.99586892  0.99405853 -0.99526999  0.99905787
 -0.9963353   0.99738438 -1.00054484 -0.99952798  0.99592613 -0.99623778
 -1.00070819  0.99964869  0.99941245 -0.991954  ]
start step 1: collect decision boundary points
start step 2: recover $\gamma_P$s
3 different MAPs occur
corresponding \gamma_P are: 
boundary point: 0, \gamma_p is [[-1.          0.99463056  0.99857084  0.99174434  0.99396044  1.00097196
   0.99644518  0.99809708 -0.99309536  0.99563375  0.99857446  0.99683067
   0.99929005  1.21854702 -1.21595178  0.99955379  0.99539753  0.99434524
  -0.99974378  0.9967505  -0.99201149 -0.99446057  0.99752986  0.99884421
  -0.9959292   0.99999771 -0.99985665  0.99412997 -0.99625911 -0.99845963
  -1.00059688  0.99638912  0.99334694 -0.99655218 -0.99632411 -0.99848349
   0.99258721 -0.99921863 -0.99612344 -0.99580025 -0.99377631 -0.99514779
  -0.99741903  0.99262779  0.99725192 -0.99759198  0.99642141  0.99629327
  -0.99633654 -0.99203003  1.00039295  0.99204751 -0.99897344 -0.99554707
  -0.99460091 -0.99625478 -0.99491777  0.99624785  0.99312084 -0.99259295
   1.00084703  0.99906262 -0.99845948 -0.99384458  0.99529776  0.99602533
   1.00557045  0.99822909 -0.99099807 -0.98986958 -0.99651381  1.2187292
   0.99780977  0.99262012 -0.99611376 -0.9923247   0.99397187  1.21946485
  -1.00086539  0.99684665  0.99680558  0.99916662  0.99928417 -0.99337121
  -0.99325527  0.99304391 -0.99712769  1.21497769 -0.99679431  0.99960751
  -0.99524198  1.00823989 -0.98533886 -0.98586931 -0.98995071 -0.98629125
  -0.98404203  1.02802685  1.01802577  1.01917936 -0.98546645  1.00403007
   0.99878651  0.99496761 -0.9980657  -0.99349629  0.99842452 -1.00020156
   0.99694911 -0.99405649  0.99992896 -0.99837774 -0.99894796 -1.00081102
  -0.9964727   0.99962155 -0.99758988  1.00083937  1.00940253 -0.98452073
   1.03267937  1.03398457 -0.99186874  1.00885845 -0.9874487   1.00742894
   1.00143182 -1.00394045 -0.99025271  1.01131733  1.01148621  1.0190682
   1.00423725 -0.99178843  0.99612719  0.99904853  0.99421203  0.99467476
   0.99279457  0.99873222  0.99594139  0.99654734  0.99833713  0.99842539
   0.9938297  -0.99323201 -0.99232628 -0.99170499  1.01860356 -0.99762414
   0.98725676 -1.1265442  -1.19638682 -1.21449241 -1.21429122  0.98506138
   0.99124909  0.99073961  0.98268811  0.98552567  0.99104974  0.99592118
  -0.99856547 -0.99377603 -0.9969907  -0.99829021 -0.99307355 -0.99284291
  -0.99853224 -0.9971193  -0.99558146 -0.99754159  0.99813753  1.00403169
   1.01211823  1.00891096  0.99226194  0.98444323  0.98286043 -1.21823218
   0.99167228  0.98721741  0.99010012  0.99192894  0.98704413  0.98368009
   0.99174742  0.98577159 -1.00230791  1.00025287 -0.9968554   0.9944959
   0.99304564 -0.99458342 -0.99438826 -0.99419405  0.99994919 -0.99255868
   0.99979607  0.98907402 -1.00280557  0.98754768  0.99672816  0.99234634
   0.99119662  0.98852746 -1.13619089 -1.20456198  0.98761062  0.99049792
  -1.20851826  0.98580128 -1.2135064   0.98892777 -1.21893446 -1.10279392
  -0.99805395  1.04267858 -0.98670328  0.99804395 -0.9974579  -0.99596131
   0.99275369  0.99356151  0.99308216 -0.99203175 -1.00010294  0.98915574
  -1.0148976  -1.01073165 -0.99765209 -1.00570776 -1.0157981  -1.04611827
  -1.0693539  -1.0751661   0.98938801 -0.98828869 -0.99041562  0.99191598
  -1.19023353 -1.21561687  0.985436    0.98701521 -1.00083041 -0.98946708
   1.03535992  1.00406704  0.99513547  0.99685316 -0.99350032  0.99639656
  -0.99631797  0.99447101 -0.9979459   0.99115644 -1.21313204 -1.01190586
   0.99231646  0.99271476 -1.00505909 -1.01280113 -1.01417619 -0.98795863
   1.03495161 -0.98527154 -0.98826609 -1.07384889 -1.19362497 -1.21761807
   0.99013215  0.99203233 -0.98750468 -0.98855739 -0.98406049  1.01346125
  -0.9971737   0.99678816  0.99742424  0.99362551  0.99977199 -0.99182701
   0.99136999 -1.00479802  0.98582681 -1.00743713  0.98680027 -1.01503919
   0.99022474 -1.00821866  1.00754747 -0.99174399  1.00342782 -1.05925888
   0.98518241 -1.2162197  -1.21552871 -1.21773275 -1.17268824  0.98973285
   1.05996389  1.11988806  1.08446996  1.02189223 -0.99632433 -0.99141204
   0.99963849 -0.99521791  0.99394413 -0.99721437  0.99901338 -1.00021648
   0.98762091  0.99530252  0.99238532  0.98534423  1.21350855  0.9846302
  -1.21522434 -1.07633328 -1.18411169 -1.21298804  0.9918298  -1.21430109
   0.98741706  0.99024015 -1.05634378  1.04547744 -0.98643509  1.14060983
  -0.99191183 -0.98335437 -0.99372257 -0.99417779 -0.99578531  0.99486174
   0.99663615  0.99682583 -0.99653535 -0.99726697 -1.00214909  0.98806794
   0.99277994 -1.01597276 -1.0212745  -1.06544032  0.9896313   0.98870588
  -1.21980112  0.98317105 -1.21951743 -1.21681204  0.98628247 -1.20946456
   1.00857505  1.14248774  1.1738231  -0.99175959 -0.99045202 -0.99125266
  -0.98690925  1.00060963  0.99940893 -0.99647415  0.99699352 -0.99784534
  -0.99816681 -0.99982465 -0.9952894   0.99883543  0.99154064 -1.00268698
   0.98488555  0.99049307  0.9907599   0.99005462  0.98541226  0.98405048
   0.98279506  0.9859725   0.98800117  0.98520529  1.01522019 -0.99099307
   1.18074664 -0.98431963  1.04078309 -0.98569919 -0.99036945 -0.9926293
   1.00302073 -0.9960075   1.00028855 -0.99854472  0.99402148  0.9922618
   0.99314459  1.00185317 -0.98838322  1.01614673  1.00086896  0.98707638
   0.99194383 -1.218346    0.98927457  0.98376113 -1.21266022  0.98426648
   0.99116638  0.98473256 -0.99619564 -0.98338659  1.11264721  1.0600736
   1.02721587 -0.98991585  1.01671644 -0.98758181 -0.98732123  1.00051865
   1.00055318 -0.99296607 -0.99866545  0.99892066 -0.99030979 -0.98683818
  -0.98799123 -0.98495945  1.13117589 -0.98678787 -0.99694174  0.98785602
  -1.2137396   0.99125259  1.11814923 -1.21598383  0.9877288   0.99205653
  -0.99433984 -0.99168338  1.08506226  1.04306498  1.03823    -0.99020191
   1.04412563 -0.98643276  1.00750072 -0.99118053  0.99669506 -0.99784686
   0.99428266 -0.99143514  1.01804462  1.07564742 -0.98710602 -0.99019264
  -0.98783926 -0.99033455 -0.98277855 -0.98910213 -0.99029645 -0.98798221
   1.0007074   0.99043068 -1.15769977  0.98698756 -1.01045626 -0.98946993
   1.13197935  1.10811488 -0.99057509 -0.98860908  1.06327728 -0.9898062
  -0.99203462  0.99809172 -0.99435905 -0.99552017 -0.99498937  1.00657417
   1.05953905 -0.98543148 -0.98432873  1.21890408 -0.98519385 -0.98394256
  -0.98857353  1.21894625  1.19189433  1.19605896 -0.98397862 -0.98388818
  -1.07717644 -1.16570247 -1.09080034  1.05907555  1.18647986  1.18995612
  -0.98459902 -0.99198972  1.09914858  1.04685716 -0.98994829 -0.99492375
  -0.99911716 -0.99679091  0.99445223 -0.98442694 -0.98553952  1.17864371
   1.2149852   1.21692182  1.21301791 -0.99091876  1.21913752  1.21948292
   1.21668041  1.21861055 -0.98698175  1.19991172 -1.04589426 -1.21704155
  -1.18469215 -0.98902035 -0.98920301  1.20727887 -0.98339356 -0.98696332
  -0.98391551  1.040741   -0.98843006  0.99760111 -0.99941256  1.2178195
   0.9914576  -0.99121563 -0.98590778 -0.98973499 -0.98467548  1.21841091
   1.21658606  1.21776048  1.21326173  1.21714243 -0.98771077  1.2166272
  -0.99055696 -0.98821543  0.9909069  -1.21428778  0.99137636  0.98665837
  -0.98804549  1.14813882 -0.99134583  1.14574541 -0.98397292 -0.9913883
   0.99979338  0.99260478 -0.99694275  0.99584289 -0.9930145   1.01157867
   1.06037393 -0.98670994 -0.98619797 -1.18573805 -0.98883178 -0.98855241
   1.21292231  1.21671638 -0.98334684  1.2149053   1.11366906 -1.11032183
   0.98653939 -1.21657389 -1.21739061  0.99208202  1.05256973 -0.98386803
  -0.98638178  1.08879701  1.05717452 -0.98671717 -0.99428539 -0.99397029
  -0.9979267   0.99530418  0.99877765 -0.99446475 -0.98714267  1.03663423
   1.04011335  1.02606455  1.0295774  -0.98314236 -0.98649216  1.13251485
   1.09338754 -1.00640612 -1.20680639  0.98732634 -1.21976745  0.98487799
   0.98599244  0.99067077 -0.98408874 -0.98835279  1.05999888 -0.99129213
   1.01991215 -0.99098135  1.00089127  1.00044895  0.99630577  0.9939493
   0.99539457  0.99107454  1.21666662  0.98323105 -1.04014917  0.98322866
   0.98970456  0.98718507 -1.21975056  0.98990494  0.98751653 -1.216824
  -1.21872099  0.98609559 -1.21314447 -1.21961645  0.98519752 -1.05051263
   0.99632787  1.02124028 -0.9916589   1.01633593  0.99906167  1.00069276
  -0.99207808  0.9969481   0.99421066  0.99260098  0.9951385  -1.00419205
  -1.00660845 -1.02223357  0.98947705 -1.13512319 -1.21897565  0.99080111
  -1.2126078  -1.2148806   0.98408226  0.98553486 -1.21479083 -1.2158797
  -1.2130193   0.98416837  0.99025071 -1.02414094 -0.98497815 -0.98611122
  -0.98923092  1.00278143 -0.99836135  1.21424573  0.99759546  0.99944592
  -0.99266356 -0.99334938  0.99623001 -1.0003109  -1.00375363  0.98677575
  -1.04257733  0.9830598  -1.15316384 -1.21388946 -1.21898333 -1.21283915
   0.98352199  0.98742231 -1.21708606 -1.2047362  -1.106591   -1.05294729
   0.991629   -0.99885953 -0.994069    0.99959239 -0.99251432  0.99902587
  -0.99562568  0.99298121 -0.99834017  0.99407971 -0.99777826 -0.99254499
  -0.99563318  0.99809099 -0.99244523  0.99190825  0.98731726 -1.10637302
   0.98562122  0.98709552 -1.09029231 -1.10975218 -1.10243433 -1.19773043
   0.98811717  0.98757762 -1.0178988  -1.01429774 -1.00094215  0.99192951
   0.99734412 -0.99788163 -0.99209534 -0.99534079  0.99217613  0.99421591
  -0.99636398  0.99947994 -0.9983855   0.99951163  0.99827092  0.99838615
   0.99347417  0.99268328 -0.99870486 -0.99868809  0.99603898 -1.00258341
   0.99567155 -1.00420775 -0.99630591  0.99554548  0.99803033  0.9986595
  -0.9972216   0.99469902  1.13580329 -0.99408518  0.99401788 -0.99960744
  -0.99433272  1.00068467  0.99861263 -0.99348215 -0.99482408 -0.99859986
  -0.99642986 -0.99343899 -0.99785671 -0.99765672 -1.00006378 -1.00049899
  -0.99600613 -0.99811179 -0.99232886  0.99978363  1.00046971 -0.99996148
   1.00041669  0.9987484   0.99586858  0.99405821 -0.99526965  0.99905753
  -0.99633495  0.99738407 -1.00054451 -0.99952762  0.9959258  -0.99623745
  -1.00070784  0.99964837  0.99941213 -0.99195364]]
boundary point: 3, \gamma_p is [[  1.          -1.00909311   9.09724307  -1.0316488   -1.0071721
   -0.9774638    9.08782906  -0.96903531  -9.07410697  -1.00764453
   -1.00930809  -1.01480064  -0.9911929   -0.09502965 -10.01549016
    9.12726298  -0.98332074  -0.99815347  -9.11119231  -1.01641839
    1.03040912  -9.11717589  -1.00143342   9.11779283  -9.11200779
   -1.00363269  -9.13014305   9.08572035   0.97348091   0.98910121
    0.97918717  -1.01033384   9.08238206   0.99594839   1.00544775
   -9.10492705   9.09348716  -9.10402841   0.97542779   0.99216288
    1.01181296   1.02055407   0.97604514  -1.00358791   9.13683787
    0.98975623  -1.01236053  -0.99823177  -9.10764818   1.02101397
    9.14373718   9.09729726  -9.12010406  -9.10615769  -9.08522786
   -9.10671883  -9.08424303  -0.98324427  -1.02427496  -9.09509989
   -0.95855713   9.10269585  -9.13283072  -9.11551904   9.09663493
   -0.9859273   10.2746813   -0.98081191  -9.08423703   1.04617823
    1.04806954  -0.06085442   9.13184769   9.08894088   1.00474131
    1.03564773  -1.02730432   9.99545211   0.97361766   9.12562065
   -1.0108755    9.12958508  -0.98902797   0.9853313    1.00139205
    9.09692393   0.99553142   9.97676131  -9.11780492  -0.94879182
   -9.04451845   9.32608393  -9.02452246   1.58667401  -9.05686778
    1.59993328   1.57089933   9.91417836  10.06223536  -0.87265306
   -9.02507358  -0.93600453   9.56784038   9.31902686   1.07289845
    1.05501297  -0.98956703   0.99301478   9.1321086    0.98846695
    9.12170203   0.97865454  -9.12569942   0.98077859  -9.09274718
   -0.97659984   1.00649913  -0.92604117  -0.89429696  -9.03633
   -0.80024485  -0.80019882   2.12338429  10.27550325  -9.00887029
   -0.90325281  -0.92740764   2.09790465   2.12542577  -0.88353566
   -0.87291516  10.30663414  -0.93937054  -9.06801224  -0.98027395
    9.11868814  -0.99471788  -1.00290121  -0.99456154  -0.97962512
    9.12531164  -1.01420694   9.13429353  -1.00038931   9.11983173
   -9.04965793   2.1263011   -9.04554826  -0.87637294  -9.07806873
   -0.99319605  -9.56972573   1.3139114    0.07189872   0.04550519
   -1.87939171  -1.17527827  -0.96607321  10.16522807  -0.97208815
   10.21238306   9.72427852  -9.0584377   -9.05645599  -9.09326455
   -9.12634781   1.01103433  -9.09541288   0.96640396   0.98149756
    1.01956192   0.98283238  -1.00205827  -0.90487761  -0.86652263
   -0.91237954  10.19353822  -0.98619918  -0.98561635  -9.95153556
   -0.98742501  -1.73060567  -2.12176362   9.05904074   9.04411374
   -1.82354684   9.4382707   -0.98993196  -9.07785288  -0.91421595
    1.36922062  -0.94765991   9.08256212  -9.10826987  -9.10061037
    0.99748541  -0.98806439  -9.08892886   9.1148601    9.04860931
    0.91106506   9.16227393  -0.96047451  -0.96291965  -0.94836012
   -0.99118339  -9.64002982   0.47064746  -0.99161626  -0.96876202
   -9.93015214   9.01132159 -11.10959059  -1.91019987 -11.12170011
  -10.65635603  -9.05806756  -0.7441544    2.14995246   9.2970705
    1.00801265   1.00287684   9.07396918   9.09591851  -1.01619444
    0.99832538  -9.12441503   9.03148458   0.86957919   0.88739815
    1.12366818   1.61685795  -9.13845387   1.37662893  -9.36137716
    0.94311458  -0.99890193  -9.0511717   -9.05244151   9.95586801
   -9.84430254   0.05161629  -2.13964025  10.11087663  -9.08589454
   -9.04620913  10.37257212  -0.93456738  -0.99771857   9.10998446
   -9.07704949   9.0911473    1.00074303   9.08806342  -9.11238236
    9.05950054   0.82609318   0.88016445  -1.35683845   9.09305398
   -9.0857684    1.04674434   1.00868164   1.2248135    9.7948696
   -8.99685754  -9.44547064 -10.28699358 -10.95736267 -11.11361518
    9.04461369   9.05652761  -9.03814243  -9.03388883  -8.99121902
   -0.85858715   0.99360683   9.11395345   9.12665083   9.09777299
   -0.98860844   1.01632857   9.09641819  -9.29020797  -1.3435425
    0.89570156   9.03200094   0.89282449   9.04553635   0.93978612
    9.22908399  -9.09139988  -2.04146743 -10.47901333   9.03976532
  -11.10608044 -11.11383985   0.03636696 -10.95689969  10.21193537
   10.47403012  -0.45180306  -0.59126702   9.69595267  -9.07364568
   -9.10492102   9.10621803   1.01153274   9.11319201  -9.13234525
    9.12871795  -9.21062185  -1.20417877   9.05763178   9.04516131
    9.04068106   9.94843811  -1.70281636 -11.08788303 -10.53111633
  -10.97530036   0.04730037   9.03990208 -11.12948137   9.01931087
   -2.12447958  -9.3222126   -0.76406282  -9.0258263   -0.33858952
   -9.03290323  -9.03366913   1.08573712   1.02518905  -9.09286749
   -1.00182089   9.10172532   9.11644414   1.00626796  -9.11760532
   -9.20301116   9.03762537  -1.22800663   0.89060269   0.86852324
    0.68976865   9.03572998   9.02445135 -11.14893703  -2.14905991
    0.02889161 -11.13150953  -2.16429453   0.10636058  -0.88018768
   -0.33999622  -0.21840951  -9.05306761   2.15342683   1.40162582
   -9.04720359  -0.98899324   9.11576693   0.99664779  -1.00975234
   -9.12722662   0.96760584  -9.14286736   0.95814208   9.10071281
    9.13142298  -9.0953888    9.00693972   9.05910643   9.05107037
   -2.12021673  -2.16426249  -2.16822823  -2.1614215    9.03443516
    9.03273107  -2.14928508  10.29668878  -9.03856445  -0.17852399
    2.16468961  -0.79235197  -8.99713435   1.20975498   1.08403279
    9.14673722  -9.12390016   9.11206821   0.99588871   9.09364961
    9.08237006  -0.98396742   9.41158428  -9.01297033  -0.86070552
   -0.91600835  -1.12154022   9.04290576   0.03760017   9.01014008
   -2.15249768 -11.10984204  -2.16748553  -1.81178941  -1.2252625
    2.10624959   2.15861609  10.68817019  -0.69266157   9.96830238
   -9.02781835   9.518481    -9.0421026    1.0972182    9.13431781
   -0.99525308   1.02223357   1.00062158  -0.98252998  -9.0450363
   -9.01773081  -9.01651212   2.16965213  -0.41989006  -9.0035411
    2.1272555    9.32590041 -11.00767492   9.99237086  10.69891988
    1.17955442  -0.97815536   9.28071018  -9.05163666  -9.04572686
   -0.58916437  -0.74040586   9.83116265  -9.01769531  -0.76043329
    1.42038724  -0.92851888   1.03396598  -1.01662108   0.9720159
   -1.02917287   1.09520635   9.96122932  10.53042241   2.15818493
   -9.05804965  -9.03792847   2.14086709   2.16349458   2.14067536
   -9.05892132   2.14299246  10.23996493  10.21188226   1.31344455
   -2.12730226   0.95117289  -9.02077898  -0.39427518  -0.48682894
    2.13421224   2.15071953  10.46074879  -9.02551216   1.12967664
   -0.97108428   1.0060352   -9.10192423  -9.12284638  -0.8903373
   -0.71232492  -8.99483204  -9.03654389  11.146107    -9.02177378
   -9.02337302   2.13323569  11.13567633  11.0291312   11.02183429
   -9.0201751    2.15898672   1.6208204    0.28860443 -10.61176928
   -0.67541045  -0.18633914  -0.16790877   2.1651435   -9.06672011
   -0.51052614   9.88904712  -9.03858228   1.01928571   1.00582324
    0.98577724   9.09685168  -9.03423325   2.13959895  -0.20861701
   11.11739088  -0.06428059  11.10696899   2.11853492  11.15074611
   11.12517512  -0.07284259  11.11132404   2.13305261  -0.10509852
    1.05398465   0.0776246    0.17691876   1.07826398  -9.0406989
   -0.08346405   2.15432402  -9.00309876   2.15624209   9.82941191
    1.09199393  -0.97522949  -9.12087876  -0.08029299   9.04576259
    1.4139259   -9.01074852  -9.05350891  -9.01061265  11.12366241
   11.11434315  -0.06439893  11.09944326  11.1179035   -9.02388253
   -0.03855827   2.13365297   2.14061734   9.03984262   0.05415354
    9.03092674  -1.23276662   2.1481174   10.84660562   2.14452527
   10.83766771  -8.99083083   1.576835     9.15958721   9.09661084
   -9.10344951  -2.11436482   0.95224696  -0.89386761  10.485481
   -9.01315356   2.16505584  -9.85631118  -9.03294479   2.13270605
   -0.06974609  -0.04556573  -8.99328997  -0.03851263  10.70233568
   -9.52955546   9.02991806 -11.11424429   0.05255363  -0.98863461
   -0.71655628   2.15690026  -9.02483061  10.58675648  -0.690334
   -9.00372984  -9.0817339   -9.10199657  -9.1308406    9.10150834
    9.06252323  -9.12247095  -9.04416135  -0.78765768  10.38709028
   10.36244447  -0.79245851   2.18066352   2.1543014   -0.39471104
   -0.53813172   2.05630644 -10.82757577   9.03017318 -11.11490942
    9.00434922   9.03757189  10.21322543   2.1632368   -9.03807111
   -0.70195887  -9.04249523  -0.86003928   1.26516682   9.13440281
    9.14324446  -0.99748693  -1.02633878  -1.06981112   9.02595078
    9.97254814   9.0262768   -9.75333788   9.01889065  -2.15019026
    9.00858095 -11.12608474  -2.13027475  -2.15555086   0.03781183
  -11.13672303   9.00413685 -11.11461279   0.03463884  -1.54124541
    1.87228374  10.24136129  10.32660588  -9.05288275  10.31944154
    9.61215834  -2.09257933  -9.08089983  -0.99184905   9.08731231
   -1.00320281   9.10208096   0.89996747  -9.34944318 -10.25900496
    9.05599054   0.38971457 -11.11947761   9.0613163    0.04662111
  -11.11355227   9.02492543   9.00028649   0.06430902   0.04662132
    0.04650114  -2.16886944   9.03934914  -9.17120025  -9.00456159
    2.16510598   1.86119473   9.46506977  -9.0686405    9.99475431
    9.11851269   9.0998391    1.0158665    1.01351737  -1.01285113
   -9.14154773  -9.2674121    9.04386378   0.75567374  -2.16744383
    0.32746072 -11.09662037 -11.14098405   0.05297783   9.01554805
    9.03817215 -11.13530643 -11.09001239 -10.68205617  -9.81608737
   -1.04388502   1.03585918   1.14579537   9.24596546   1.11416497
    9.18421118  -9.06577518  -0.98474597  -9.11655904  -1.0184126
   -9.11791985  -9.09472073  -9.10982143   9.12053981   1.0264149
    9.05704683  -1.10271871  -9.70012701   9.03428669   9.02691114
    0.55888776   0.48778289 -10.63848139 -10.89354593   9.04996779
   -1.35463372 -10.29833214   1.00209364   0.96714828   9.06148956
    9.10463151   0.97313573  -9.08411694  -9.09170058   9.11438258
   -0.99133503  -9.11001466   9.09912821   0.98781512  -0.98305881
    9.11626274  -1.01164978   9.0948772   -1.02671232  -9.10749127
    0.96886685  -0.99919038   0.94598287  10.22542121  -9.17126757
   -9.13987593  10.21904234   9.10322039  -1.01054772  -9.14041084
    9.10979124  -1.52468881  -9.11161514   9.09827889   0.99460537
   -9.08781704  -0.99356495  -0.9686553    1.0080769   -9.08478346
    0.99461149  -9.10918746   1.02525268  -9.13306741   0.99087068
   -9.12278582   1.0023294    0.97984226   1.00004108  -9.07736723
   -0.98241269  -0.97879638  -9.14357902   9.13133198  -0.98644224
   -1.01057038   9.10193026   0.98789436   9.10946519  -9.08804539
   -0.98110961   0.9592268    0.98041632  -0.99340969   0.99952297
    0.98168621   9.0983331   -0.96212854   1.03396015]]
boundary point: 5, \gamma_p is [[ 1.         -0.99748454  0.99240309 -0.99961573 -0.99656779 -0.99633784
   0.99225234 -0.99236769 -0.99223601 -0.99800424 -1.00069305 -1.00037635
  -0.99769511 -0.9969826  -0.99897635  0.99753457 -0.99301773 -0.99509808
  -0.99421224 -1.00063105  0.99958563 -0.99963412 -0.99830152  0.99623622
  -0.9974356  -1.00071644 -0.99785881  0.99369526  0.99176889  0.99661592
   0.99637655 -0.99914105  0.99366545  0.99643499  0.99812528 -0.99398891
   0.99646555 -0.99322052  0.992044    0.99508482  0.99733514  1.00015999
   0.99320581 -0.99479103  1.00127051  0.99604858 -0.99956658 -0.99667742
  -0.99624864  0.99774776  1.00010949  0.99765078 -0.99658795 -0.99658896
  -0.99322088 -0.99613124 -0.9927722  -0.99368528 -0.99926651 -0.99677941
  -0.99250901  0.99308381 -0.99951083 -0.99980145  0.99491035 -0.99403578
   1.21898441 -0.99479614 -0.99591772  1.00097597  1.00668292 -0.99038922
   0.99983796  0.99554267  0.99781708  1.0008702  -1.00054713  0.99220514
   0.99549378  0.99938386 -0.99958214  0.99830247 -0.99726343  0.99178757
   0.99486174  0.99677681  0.99681477  0.99212077 -0.99788359 -0.98958812
  -0.98467739  1.0297701  -0.9886844   1.10435473 -0.9913607   1.10730825
   1.09977683  1.129862    1.1670891  -0.9902851  -0.98869108 -0.99061679
   1.08503528  1.03903342  1.01282516  1.00562975 -0.99667966  0.99878614
   1.00058006  0.9929561   0.99613557  0.99449007 -0.99771155  0.99686234
  -0.99320057 -0.99508338  0.99934876 -0.98609042 -0.9867047  -0.99166957
  -0.98684335 -0.98788208  1.21501453  1.21650638 -0.98390382 -0.9868865
  -0.98683555  1.21968085  1.21411991 -0.98611964 -0.98416076  1.21444894
  -0.99144694 -0.99208353 -0.99300266  0.99624893 -0.99431366 -0.99629898
  -0.99314488 -0.99496603  1.00004887 -1.00003184  0.99989717 -0.9988146
   1.00066318 -0.98730449  1.21595705 -0.98772042 -0.99055646 -0.98938203
  -0.98842985 -0.98284433  1.21956591  0.98916606  0.98379951 -1.16143235
  -1.02754303 -0.98587702  1.21576903 -0.98287758  1.21835594  1.11818689
  -0.98475415 -0.98820825 -0.99288738 -0.99836838  0.99661744 -0.99664013
   0.99219819  0.99404046  1.00031242  0.99464273 -0.9989126  -0.98447961
  -0.98340756 -0.98987606  1.2136665  -0.98479134 -0.9834058  -0.9845342
  -0.99083654 -1.13382136 -1.21327512  0.99020091  0.99117946 -1.14931044
   1.06513439 -0.98659392 -0.98557945 -0.9832876   1.07029074 -0.9852613
   0.99394341 -0.99777855 -0.99642423  0.99484496 -0.99760726 -0.99559005
   0.99489379  0.99043561  0.98471549  1.01407749 -0.9895805  -0.98654499
  -0.98275079 -0.98905309 -0.98896427  1.05983041 -0.98840241 -0.98621326
  -0.98811411  0.98570972 -1.21670475 -1.1706119  -1.21473543 -1.21620345
  -0.98509259 -0.98380916  1.21610725  1.03223332  0.99954121  0.99732696
   0.99248285  0.9961638  -0.99764195  0.99327479 -0.99653144  0.98699295
   0.98624157  0.98641116  1.0225053   1.12623338 -0.98670073  1.1112996
  -0.9876679   1.04912647 -0.9912661  -0.99157155 -0.9901151   1.16707344
  -0.98586393  0.98606884 -1.21305624  1.20157665 -0.98835137 -0.98964762
   1.21437394 -0.9903631  -0.99564674  0.99629493 -0.99249124  0.99294598
   0.99719244  0.99388425 -0.99589001  0.9909124   1.1368072   0.9859273
  -1.06420499  0.9962784  -0.98493185  1.01949688  1.01309452  1.03467019
   1.10077437 -0.98328296 -1.06934866 -1.16659903 -1.20264605 -1.21419789
   0.98879814  0.98962296 -0.98963187 -0.98794812 -0.98314327 -0.98292074
   0.9964722   0.99712928  0.99912253  0.99647733 -0.99757236  0.9966608
   0.99802105 -1.0254583  -1.05637309  0.98540385  0.98898591  0.99093941
   0.98890606  0.99472515  1.01119717 -0.9967312  -1.20813953 -1.21617988
   0.99181548 -1.21383403 -1.21591875  0.98476022 -1.2193612   1.21932496
   1.21463044 -0.98813841 -0.98720847  1.09175113 -0.98955285 -0.99966473
   0.99331528  0.99843721  0.99926266 -1.00041444  0.99825432 -1.01344047
  -1.03032971  0.98721471  0.98709779  0.99186695  0.98771439 -1.12626412
  -1.21104427 -1.21274722 -1.21381903  0.98310733  0.98650682 -1.21998919
   0.98598841 -1.21392313 -0.99038872 -0.98998216 -0.98806162 -0.9824471
  -0.98506004 -0.99208131  1.01187047  1.00029532 -0.99377574 -0.99623601
   0.99484021  0.99758996  0.99845658 -0.99746528 -1.01038858  0.98907715
  -1.03917043  0.99125066  0.99115265  0.99135684  0.9874482   0.9859679
  -1.21941172 -1.21309564  0.98471873 -1.21837408 -1.2185978   0.99192586
  -0.98325792 -0.98423216 -0.98541007 -0.9891593   1.21980177  1.07218341
  -0.99189715 -0.99832067  0.99538289  0.99651027 -0.99951156 -0.99889801
   0.99214182 -1.00039383  0.98796552  0.9928749   1.00478707 -0.98873298
   0.98558101  0.99136706  0.98956817 -1.21293355 -1.21789288 -1.21758172
  -1.21523154  0.99013036  0.98816654 -1.21477301  1.2155772  -0.98691464
  -0.98310248  1.21709996 -0.99179236 -0.98299441  1.03363596  1.01065666
   0.99859151 -0.99971789  0.99394765  0.99802279  0.99534634  0.99453448
  -0.99133667  1.05175837 -0.983962   -0.98549436 -0.98413567 -1.01359563
   0.98700684  0.98549571  0.98268839 -1.21424723 -1.21743482 -1.21760868
  -1.1530017  -1.03216883  1.21510916  1.21515321  1.21456753 -0.987619
   1.14118726 -0.98566059  1.06090686 -0.99035018  1.00899562  0.99815028
  -0.99950981  0.99873976  0.9990531  -0.99569016 -0.98873988 -0.98614158
  -0.98497561  1.21859219 -0.99090676 -0.9833835   1.21985059  1.04609749
  -1.19641911  1.17480399  1.21226938  1.20880195 -0.98584265  1.03381416
  -0.98680516 -0.98777246 -0.98726924 -0.98338012  1.10530024 -0.98343374
  -0.98818118  1.07201389 -0.99192679  0.99962002 -1.00062646  0.9927547
  -1.00116512  1.01190154  1.14715511  1.21316074  1.21805403 -0.9913991
  -0.98932114  1.21723071  1.21562708  1.21620345 -0.991488    1.21576139
   1.21604225  1.21875384  1.18841611 -1.21186865  0.99876705 -0.98462984
  -0.9865003  -0.98559436  1.21611144  1.21778842  1.20935175 -0.98529379
   1.01918057 -0.99276753  0.99666354 -0.99577572 -1.00032735 -0.98365327
  -0.9910676  -0.98275501 -0.99186587  1.21957327 -0.98825934 -0.98957886
   1.21431192  1.21748152  1.21818866  1.21340494 -0.9889188   1.21562891
   1.18438945  0.99273383 -1.21703842 -0.98341572 -0.9892463  -0.98840241
   1.21741379 -0.99166692 -0.9830695   1.10978883 -0.98775641  0.99973003
   1.00044152  0.99462084  0.99563173 -0.99133102  1.21313119 -0.98734889
   1.2170562  -0.98961406  1.21657949  1.21329568  1.22030159  1.21498037
  -0.99110863  1.21294929  1.212998   -0.984008    1.0474917   0.99234168
   0.9859534   1.0066218  -0.98877196 -0.98565579  1.21431224 -0.98315586
   1.21510959  1.10293861  1.00885556 -0.9931911  -0.99638804 -0.99349234
   0.98796147  1.07457934 -0.98551104 -0.99087197 -0.98647403  1.21554258
   1.21516933 -0.99031065  1.21489971  1.21542638 -0.98665405 -0.98430476
   1.21598652  1.21548023  0.98723627  0.98550228  0.98510029 -1.03519475
   1.21682281  1.21731934  1.218764    1.21747731 -0.98313652  1.10684498
   1.00371639  0.99706801 -0.99493448 -1.21642627  0.98497667 -0.98836701
   1.21655946 -0.98534204  1.21868014 -0.99184018 -0.98754101  1.21419059
  -0.98748098 -0.98575829 -0.98412426 -0.98291349  1.2165403  -0.98794585
   0.98878469 -1.21516062  0.98767769 -0.99140403 -0.98630718  1.21520124
  -0.98790828  1.21371355 -0.98483262 -0.98347758 -0.99278453 -0.99703373
  -0.99954528  0.99586612  0.98538986 -1.00067447 -0.9911097  -0.98753597
   1.21342166  1.21983868 -0.98281755  1.21930505  1.21679545 -0.98701613
  -0.98388867  1.2134568  -1.16646873  0.98820335 -1.21272774  0.98507586
   0.99073311  1.21882604  1.21662806 -0.98893616 -0.9893925  -0.98744934
  -0.98838585  1.04505484  0.99786852  0.99996759 -0.99654055 -1.00033864
  -1.01007196  0.98436172  0.9899341   0.99072226 -1.08841133  0.9892683
  -1.21856355  0.98405894 -1.21494536 -1.21479695 -1.21786418  0.98431562
  -1.21786968  0.98405697 -1.21798527  0.98593169 -1.09485649  1.21257442
   1.21983284  1.21664379 -0.98920344  1.21916802  1.09355397 -1.21602343
  -0.99439265 -0.99594442  0.99394506 -0.99469362  0.99611196  0.98364003
  -1.03568659 -1.2025161   0.99156826  0.98812477 -1.21426375  0.99155581
   0.98266816 -1.21638332  0.98977256  0.98374705  0.98790885  0.98529478
   0.9829748  -1.21780278  0.98766477 -0.98646009 -0.98503794  1.21862028
   1.16119105  1.0615606  -0.98693065  0.99625702  0.99738081  0.99221237
   0.99724121  0.99732856 -0.99950967 -0.99974312 -1.02180061  0.99134561
   0.98599959 -1.21663172  0.9903307  -1.21384036 -1.21849884  0.98410742
   0.98837369  0.98970349 -1.21890236 -1.21988394 -1.21822332 -1.0905123
  -1.00193621  1.00615805  1.02399253  1.02091211  1.01650664  1.00918788
  -0.9885618  -0.99135905 -0.99639757 -0.99888022 -0.99711728 -0.9967432
  -0.99724208  0.99738219  0.99914614  0.98982466 -1.01007715 -1.02475427
   0.99038344  0.98774498  0.98549705  0.98709694 -1.21296599 -1.18676498
   0.99147148 -1.05996593 -1.21375139  1.01189289  0.99427964  0.99068405
   0.99484518  0.99300345 -0.99501242 -0.99390244  1.00091649 -0.99364965
  -0.99669289  0.99204486  0.99630281 -0.99626886  0.99639439 -1.00100375
   0.996028   -0.99939592 -0.9943169   0.99280899 -0.99666232  0.9914232
   1.21721584 -1.00247562 -1.00262853  1.21605958  0.99401544 -1.00100586
  -1.00199866  0.99798554 -1.21249675 -0.99883775  0.99626229  0.99862286
  -0.99394628 -0.99928249 -0.99270673  0.99636225 -0.99295352  0.9978152
  -0.99647769  0.99971476 -1.00004108  0.99632028 -0.99624128  1.00086182
   0.99282039  0.99849415 -0.99349457 -0.99635987 -0.99619745 -1.00042448
   0.99764412 -0.99632339 -0.99876981  0.99695034  0.99381706  0.99442201
  -0.99238381 -0.9941765   0.99239822  0.99576064 -0.99543148  0.99688729
   0.99695851  0.99175264 -0.9920614   1.00023955]]
3  true MAPs are  [[1], [3], [2]]
We have collected all the required queries
the Oracle query times is 2**20.108733732022444
start recover nn under a subset of decision boundary points
we have found a solution
the model activation patterns of selected points are  [[1], [2], [3]]
selected w_2 sign is  1
recovered w_1 is  [[-1.          0.99463056  0.99857084 ...  0.99964837  0.99941213
  -0.99195364]
 [ 1.         -0.99748454  0.99240309 ...  0.99175264 -0.9920614
   1.00023955]]
recovered w_2 is  [[4.06750317 5.06750317]]
recovered bs are  [array([[-0.6413015 ],
       [-1.33275021]]), array([[52.2506022]])]
start checking the prediction matching ratio
prediction matching ratio is  0.403389

we have found a solution
the model activation patterns of selected points are  [[1], [2], [3]]
selected w_2 sign is  -1
recovered w_1 is  [[ 1.         -0.99463056 -0.99857084 ... -0.99964837 -0.99941213
   0.99195364]
 [-1.          0.99748454 -0.99240309 ... -0.99175264  0.9920614
  -1.00023955]]
recovered w_2 is  [[-4.06750317 -5.06750317]]
recovered bs are  [array([[0.6413015 ],
       [1.33275021]]), array([[52.2506022]])]
start checking the prediction matching ratio
prediction matching ratio is  0.999999

6 models are checked, and 2 extracted models are final candidates
