true weights are 
[array([[ 0.34791384, -0.34693006,  0.34702568, ..., -0.34691068,
         -0.34784228,  0.34831457],
        [-0.34846622, -0.34841813, -0.34730899, ...,  0.3486406 ,
          0.34692629,  0.34717922]])
 array([[-0.09210245, -1.53654211]])]
true biases are 
[array([[0.00941047],
        [1.16893159]]) array([[2.89897918]])]
when the recovered model is correct: 
expected w_1s are: 
[  1.          -0.99717235   0.99744717  -1.00012113   1.00328456
  -1.00048889   0.99819773  -1.00100341   0.99801681   1.00326856
  -1.00323045  -1.00309495   0.9974956    1.00272927   0.99712006
  -1.00170843   1.00190696  -0.99506226   0.99730805   4.37717439
   1.00159358   0.9955917    0.99906583  -0.995835    -1.0003894
   0.99986966   0.99786063  -0.99981047   0.99980232   0.99850897
   0.99831284  -0.99948585   0.99502441  -1.0030759   -0.99618022
   1.00301746  -0.99586562  -0.99851025   0.99774043  -0.99801172
   0.99921454   0.99583776  -0.99654577   1.00315828   1.00185809
   0.99902611  -0.99735018   1.0020215    0.99683585   0.9987427
  -1.00058429   1.00016688  -0.99743806  -1.0007823    0.99558569
   0.99509332   0.99565005   0.99723492   1.00171678   1.00303487
   1.00014402   1.00258707   0.99775777   1.00132688  -1.00243742
  -0.99539062   1.00156453  -0.99898535  -0.99681793  -0.99943142
  -0.99843158  -0.99796285  -0.99767317  -1.00236052  -0.99580094
   1.00308805   1.00165396  -1.00304058  -0.99821088  -0.99641362
   0.9998096    1.00270668   1.0006359   -0.99660729   0.99953674
  -1.00191784  -0.99941483   0.9957117   -0.9952018   -0.99687251
  -0.99662478  -0.999074    -1.00302087  -1.00084411   0.99824408
  -0.99687517   1.00314377   1.00323434  -0.99506037   0.99959123
   1.00311937  -0.99842466   0.995582    -0.99972557   0.99621134
  -0.99611186  -1.00045422  -0.99675201   0.99927639   0.99742155
  -1.0013916   -1.00311542   1.00024301  -0.99684871  -1.00143779
   1.00194927   0.99856623   0.99723021   0.99847155   1.00139952
   0.99584262  -0.99852124  -1.0015062   -0.99760923   1.00258522
  -0.99841472   0.99688997  -0.99807115   0.99859163   0.99791357
  -1.00182772   0.99726757   0.99881503  -0.99802459  -0.99573618
  -0.99942345   1.00126644  -0.99967148   0.99819447   0.99836373
   0.99651811   1.00121116  -1.00125262  -1.00306088   0.99862896
   0.99518174   1.00116441  -0.99999085  -1.00132535  -0.99942372
  -1.00130059   1.00182945   1.00189639  -0.99567213  -0.99889685
  -1.00174054  -0.99862623  -0.99956717  -1.00077407   0.99847272
   0.99552188  -0.99785716  -0.99551691   0.99721369   0.9970455
   0.99942865  -0.99601816   0.99823841   0.99578712   0.99758826
   0.99639179   1.00327419   0.99778984  -1.22902829  -0.99714013
  -0.9981609   -0.99783469  -1.00047918  -0.99873692  -0.99693346
  -1.00234087   0.99990786  -0.99550809  -1.00145446   0.99904336
  -1.95718809  -0.99548642  -1.00047648  -0.99995593  -1.00046772
   1.00182013   0.99603874   0.99524921  -0.99697416   0.99505764
   0.99521388   1.0023284    0.99655299   0.99528045  -0.99815827
  -1.00101248  -0.99718853   1.00183878   0.9962233    0.99532625
  -0.99584033  -1.0013229   -0.99724925  -0.995189    -0.99599259
  -1.00216636   1.00030148   0.99773842  -1.00044005   0.99684575
  -1.00164799   1.00007615  -1.00157272  -0.99535688  -1.00304332
  -0.99950621  -0.99507093   0.99604075  -1.00023826   0.99524314
   1.00320238   0.99955367  -0.99782324   1.00102087   0.99588382
  -1.00126585  -1.00238054  -1.00077436  -0.99993021  -0.99989579
   1.00327079   0.99691158   0.99858288  -1.00106153  -1.00266031
   0.99813877   0.99797879  -1.0027798   -0.9988678   -0.99618727
  -1.00318451  -0.99820668  -1.00182549   0.99801381   0.9957797
  -1.00105578   0.9979986    0.99726308  -1.0003371    0.99765463
   0.99695751  -1.00090161  -0.99772142  -0.99748192   0.997186
   0.99731759  -0.99602093  -0.99927393   0.99914996  -0.99506455
  -0.99596542   1.05160542  -1.00102527  -1.00158006   1.00164139
   0.99761188  -1.00031187  -0.99649484  -0.9998804    0.99932136
   0.99832336  -4.74084654   1.0012298   -1.00073804   0.99628805
   0.99535235   0.99625484   0.99812511   1.00306886   1.00302126
   1.00256223  -0.99886191  -0.99677436   0.99906808   1.00211058
   0.998556     0.99528358  -0.99676563  -0.99866702   1.00168745
  -1.00122178  -0.99713492  -0.99697123   1.00015026   1.00069561
   0.9958525   -1.00295859  -0.99818996   0.99601902   0.99655763
  -1.0031504    0.99532166  -1.00066236   0.99599131  -1.00234938
   1.00171635  -1.71720416   0.99913006  -1.00147662   0.99509949
   0.99568385  -0.99906148   0.99639716   1.00254944   0.99968809
   0.99938595   0.99676184  -1.0025581    1.00312362  -0.99937294
   0.9959718   -1.00121763  -1.00142206  -0.99761741   1.00193872
  -1.00311314  -0.99933603  -0.9971408   -0.99672686  -0.99932318
   0.99661007  -1.00054362  -0.99730715  -1.00103722   0.99621994
  -1.00232668   0.99849553  -0.99817286  -0.99608723  -1.00019295
  -1.00026179  -0.99731438  -1.00115252   1.00158268  -0.9967527
   1.00165144   0.99880545   1.00060157  -1.00233002  -0.99963368
   0.99623754  -1.00143769   0.99888853  -0.99752378  -0.99635606
   0.99584622  -1.00301136  -1.00324785  -0.99900603   1.00002565
  -1.0013818   -1.00140602  -0.99595472  -0.99520962  -1.0014628
   1.00045476   0.99712431  -1.00268666  -1.00036356  -0.99914019
  -0.99557822   1.00166482   1.00177851  -1.00268507   1.00027526
  -0.99715221  -1.00267693   0.99820861   1.00025615  -0.99567884
   0.99768263   1.00110245   1.00108436  -1.00305776  -0.99768388
   0.99957302  -1.00301736   0.99568891  -1.00032451  -0.99997939
   0.9979267   -1.00159045   0.99649997  -1.00236423  -0.99657423
  -0.99881624   0.99511136  -1.00304445   1.00043934  -1.00159171
   1.00092414   0.99846843  -0.99856387  -0.99726652  -3.11366953
  -1.00253378  -0.99682163  -1.00272097  -0.99839625  -1.93910502
   0.99822287  -0.9960804   -0.99879311  -0.99549596  -0.99591543
  -0.99922882  -0.9970318    0.99859963   0.99529593   0.99510934
  -1.00059909  -0.99994181   0.99827088   1.0005197    0.99987771
   0.99512141  -0.9955873    1.00264057  -0.99993849   0.99803747
  -0.99950375  -0.99516527   0.99809869  -1.00187049   1.00152968
  -0.99534247   0.99984755   0.9959173   -1.0027205    0.99620639
  -1.00049221   1.00058973   1.0027648   -0.99681663  -0.99917237
  -0.99540613   0.99829542   0.99576095   0.99918153   0.99668211
  -1.00095543  -1.00296865  -0.99581207  -0.99922569   0.99942095
   0.99691522   0.99574892  -0.99578046  -1.00274173   3.05076124
  -0.99867864  -1.00234434   0.99556403  -0.99686852  -1.00306145
   1.00156215  -0.99804324   0.99900049  -1.00315476  -1.0030302
  -0.99746363   0.9966423    1.00304027   1.00085678  -1.00301723
  -0.99813434   0.99825513  -0.99502912   1.00154371  -1.00233476
   0.9966545   -0.99611456   1.00181982  -0.9990352    0.99925528
  -0.99657974   0.99899614   0.99527936   0.99764368  -1.00135757
  -0.99567133   1.00177321  -0.99759705   1.00209132   1.00141967
  -1.00313763   1.00296188  -0.99871991   0.99533339  -1.00302439
   1.00303988  -0.99822567   0.99634003  -1.0009265   -1.00072419
   1.00078058  -1.00201176  -0.99925346   0.99760877   1.00195622
 -16.20548307  -0.99513044  -0.99865256   0.99560303   0.99981121
  -1.00100583  -0.99727925   0.99792927  -0.99565707   1.00323122
  -3.71115903  -0.99650072  -1.0025148    1.00278266   1.20261154
  -0.99798017   0.99908573  -0.99729201  -1.00176467   1.00051403
  -0.99670842   0.99603269  -0.99700315  -1.00198497   0.99611341
  -0.99552865  -0.99653129  -0.99786848  -1.00278977   1.00285742
  -1.00106477   0.99781999  -0.99587161   0.99651338  -1.00205625
  -0.99945829  -0.99860827   0.99977163   0.99776071   1.00239001
  -1.00113865   1.00032911  -1.00304406  -0.99620575  -1.00306005
  -0.99699637  -1.00291069  -1.00301864  -0.99955967  -1.00144042
   0.99760661   0.99760682  -0.9975065    1.00327007   1.00241522
  -1.00207049   1.0018137    1.00220561  -0.99943959  -0.99804593
  -1.00302174  -0.99970037   1.00026337  -0.99500273   0.99549821
  -1.00096663   0.99511738  -1.00323139  -0.99562161  -0.99590729
  -0.99638207   1.00010805  -0.99595908   1.00257055   0.99592205
  -1.00148042  -0.99615657   1.00313987   0.99786498  -1.00029037
  -1.00155544  -1.00042178   1.00233188  -1.00130209   1.00067476
  -1.00203227  -0.99713228  -1.00062532  -0.99630922   0.99691219
   1.41352831  -1.00007953   1.00072009  -0.99516897  -0.99942922
   0.99715907   0.99960895   1.00322416  -1.00163793  -0.9991845
  -0.99550559  -0.99556054   0.99526151   1.00110696   0.99927413
  -0.99557081  -1.00173909   0.99519935  -1.00286536  -0.9959568
  -1.00203442  -0.99960108  -0.99961549   0.99954947  -1.00312736
   0.99645727   1.00205415  -1.00267944   1.00145267  -3.83925316
  -0.99978485  -0.99763327   2.03061564   1.00000821  -0.99767035
   0.99852524   0.99731566  -1.00173751   0.99618923  -1.00146461
  -0.99737474  -0.99786595  -1.00072939   0.99516957  -0.99576849
   0.99650458  -1.00320144  -0.99511921  -1.00040005   1.00325746
   0.99508471  -1.00284047  -0.99802038   0.99842977   0.99717986
  -0.9952615    0.99861483   1.00301306  -1.00010453  -0.99501753
   0.99694809   0.99717719  -0.99590767   0.99559839  -0.99545515
  -1.00114553   0.9986142    0.99540373   0.99596994  -1.0001282
   0.99830591  -0.99893429  -1.00253054  -1.00174724  -0.99919604
  -0.9977758    1.0009103    0.99879716   1.00103321  -0.99745083
   0.99933137   1.00003509  -0.9991217    1.00209575   0.99958429
  -1.00192958   0.99736694  -0.99567801  -0.99524746  -1.0022403
  -1.00311909  -0.9962139   -2.28129003   1.00094871  -1.00324798
   1.00258408  -1.00315507   1.00210317  -0.99532408   1.00224504
   1.00027742   1.00159176   1.00208624   0.99511894   1.00105823
  -0.99504019  -1.00265898  -0.99766025   1.00154363  -1.61050522
  -1.00069682  -0.99597477  -0.99736437  -0.99681263   0.99883196
  -0.99769963   1.00142909  -0.99858299   1.00305984   1.001931
   1.00116233   0.99614084  -0.99697221  -0.99803642  -1.00306689
   1.00155864   0.99813445   1.00125381  -1.00070818   4.29538965
   0.99652877   0.99789809   1.00009565  -1.00054935   0.99798728
  -1.0018436    0.99544077  -0.99880006  -0.99651073   1.00133612
  -1.00253431   0.99807254  -0.9969092    1.00103082   0.9972941
   1.00306159  -0.99809319   0.995286     0.99783711   0.99765189
   0.99698034   0.99929379  -0.99922444   0.99698391   0.99700608
  -0.99736633   0.9958063   -1.00099183   0.9962802    0.99911946
   0.99851629   0.99965762  -0.99749043   0.99763999   1.10458247
   0.99705132  -0.99538629  -1.00288205   1.00078678 -16.20579819
   0.995387    -1.00059718  -0.99560855   1.00022601  -0.99535627
  -1.00320639  -0.99711664  -0.99979433   1.0011518 ]
[-1.         -0.99986202 -0.99667908  0.99356787 -0.99441822  0.99453638
  0.99939839  0.99379998 -0.9944417   0.99386033  1.0014411  -0.99404965
  0.99585731  0.99704696 -1.00149315  0.99704528  0.99484798 -0.99766072
 -0.99532577  0.99474047 -0.99665421 -1.00106776  1.00080719 -0.9948701
 -1.0003178  -0.99585858 -1.00008269  0.9969178  -1.00012868 -1.00167691
  1.00084771  1.00123779 -0.99952254  0.99462218 -1.00124548  0.9975215
  0.99372374  0.99348391  0.99780685 -0.99671573 -0.99605619  1.00116742
  1.00150052  1.00007514  0.9983676  -0.99850225 -0.99591917 -1.0013945
 -0.99918097 -0.99571385 -1.0010216  -0.99985434  0.99520645  0.99738224
  0.99645942  0.99985506 -0.99744772 -1.00074704 -0.99542895  0.99632748
 -1.00143395 -0.99935297 -1.00048731  0.99557998 -0.99782287  0.99427981
 -1.00144445 -1.00166268  1.00144744  0.99621151  0.99925481 -1.00165868
 -0.99578718 -1.00066166  0.99534307 -0.99368143  1.00066149 -0.99842497
  0.99955224  2.9275852   1.00008442 -0.99970272 -1.00145898  0.99658124
  0.99563522  0.9976603  -0.99356133 -0.99729164  0.99468203  0.99473278
  0.99739475  0.9986052   0.9956131  -0.99663272  0.99803386  0.99452425
  0.99361342  0.99815816  0.99846735  0.99665121 -0.99967319  1.00144137
 -0.99653167 -0.99414032 -0.99874651  0.999882   -0.99843226  1.00154185
 -0.99857633 -1.71594524 -0.99870921 -1.00146056  0.9944596  -0.99490419
 -1.00171177  0.9955166  -1.00079286  0.99710204  0.99533322 -1.00107342
 -0.99772847 -0.99756252 -0.99928257 -0.99437127  0.99536264 -1.16693273
  0.99367555  1.00113405 -1.0973118  -0.99764889  0.99777676  1.00130067
  0.99417982 -0.99903338  0.99681652  0.99665248  0.99946147 -1.0003296
 -0.99466363  0.99886825 -0.99690922 -0.99535221  0.99611624  1.4361149
  0.99363835 -1.00106029 -0.99991988  1.00095312  1.00062484  0.99683677
  0.99675763 -2.14650586  0.99487898  0.99863354  0.99819398 -3.99374982
  0.99877585  1.00048228 -2.0685074   1.00070864 -0.99550146 -0.99751098
 -1.00096454 -0.99920394  0.9967759   0.99869968  0.99531066 -0.99545648
  0.99559977 -0.9955761   1.00133817 -0.99696407 -0.99655506 -0.99388772
 -0.99728706  0.99367575 -0.99863811 -1.2302008  -2.05309768  1.00081833
  0.99932865  0.99942291  0.99872092 -1.86553429 -0.99418513 -0.99353156
  1.07905173  1.00001066 -1.27941182 -1.23823358 -0.9990682   1.00032857
  0.99504519  0.99521828  0.99880802  9.06697757 -0.99648522 -1.00142466
  0.99461912 -0.99525589  0.99534604 -0.99845302  0.99504874 -1.00160239
 -0.99718311  0.99651338  0.99650827  0.99688813 -1.00026335  1.30835783
  1.90606523  2.00566089  1.49836696  1.33246962 -0.99344463 -0.99439747
  1.0011521   0.99464575 -1.25433076 -0.99909236 -1.00088342  0.9987023
  0.99941815 -1.0001066   0.99474908  0.99724458  0.99503918 -0.99654057
 -0.99682268  0.99383752 -1.00176235 -0.99829813 -0.99757077 -0.99471245
 -1.00091508  1.12861962 -0.99403196 -0.99523541 -0.99916776 -0.99474448
  1.00110035  0.9952181   0.99610291 -1.0003004   0.9959529   0.99757974
  0.99724507  0.99697818 -0.99622498  1.00150549 -0.99769321 -0.99857084
  0.99958154  0.99668554 -1.00137381 -0.99919819  1.00097836  1.00150365
  0.99611888 -0.99947716 -1.00024947 -0.99892429 -1.00152237 -0.99496528
  2.40327255 -1.00035427 -1.00003875  2.27427194  0.99568292  0.99734743
  0.99796256  0.99963347 -1.00068134  1.00181754 -1.52856261 -1.27199859
 -1.09639652  0.99695211  0.9967294  -1.0008142  -0.99463548  0.99847369
  1.00079642 -0.99425401  0.99985471  0.99856579  1.41811063 -0.99494732
 -0.99906111  0.99692408  0.99977616  0.99516444  1.57600981  1.12452399
 -0.99734284 -0.99668203 -0.99400989  1.21190003 -1.00110666  1.94553357
 -0.99940117 -1.42174792 -1.3989374   0.9956198  -1.05671005  0.99603062
  0.99427833  0.99501853 -0.99583004 -0.99582386 -0.99677649  0.9962246
 -0.99396847 -0.9982544  -0.99681979 -1.0011099  -0.99909403  0.99511088
  1.00144282 -0.99733064 -0.99476014  1.0004552   0.99898858  1.80180013
 -0.99725965  2.31302301 -0.99930511 -0.99585176  1.0007991   1.00057387
 -1.4210793  -1.33562153 -1.12594463  1.00038133  0.99501553  1.00007536
  0.99537585  0.99676121 -1.00140586 -0.99790323 -0.99483768  1.40095051
 -1.00158108 -0.99438311  1.89410195 -1.97516555  0.99942679 -0.9972875
 -0.99713323 -0.99462767 -0.99703978 -0.99869858  2.14338378  2.80436854
  3.2369621  -0.99776813  3.06999978  0.99670938  1.00007245 -1.16661767
  0.99985908 -0.99574681 -1.00081075  1.00048266 -0.99891554  1.00112745
 -0.995851   -0.99430334 -0.99433262 -0.99358796  3.18004692 -1.0013586
  2.33041172  1.00006934  1.00065504 -1.02939323  0.99870335 -0.99608886
 -0.99665303  1.42525374 -0.99835593 -0.99641213 -0.99813965  1.91907785
  0.99426462 -1.29508947 -1.1187511   0.99606903  0.99684672  1.00106072
 -0.99977313 -0.99643153  0.99401693  0.99729269 -0.99926517  0.99420988
  1.04633767 -0.99420502  3.19923436 -0.99809497 -0.99980324  1.6495601
  0.99937549  0.99843024 -1.98645068  0.99586524 -1.62996702  1.00086153
  2.57154724  4.12097189 -0.99637867  2.05756059 -0.99759337  6.74391027
  1.00076463 -0.99523076  0.99478739 -0.99346734 -0.99945545  0.99957725
 -0.99782525 -0.99354846 -0.99946577  0.9962821  -0.99894337  1.63405653
 -0.99704816 -0.99472693 -0.99652495 -0.99508999  1.18835445 -1.18589329
 -2.40517915  0.99724123  0.99785035 -0.9969072  -0.99909889 -0.99828269
  4.0607833  -0.99702051  1.11811527  0.99946204 -0.99891742 -0.99978171
 -0.99424591  0.99536849 -0.99411891  1.0005138  -0.99837471  0.99560566
  0.997341   -1.00066202  0.99382632 -1.00149875 -0.99884567  2.06557116
  2.71950859 -0.99759527 -1.00090914 -1.00052721  1.001529    0.9949608
 -2.11787265  1.13596659  2.46576079 -0.99938769 -0.99448048  2.38146421
 -0.99833278 -0.99425839 -0.99661249 -0.99720487 -0.99552786 -0.99396011
  0.99488284  0.99713638  0.99568661  0.99737383 -0.99977198  0.99454642
  1.00146082  0.99689487 -0.99850299  1.00009501 -0.99658268  0.99970218
 -1.00151714 -1.1899237  -2.33610029  0.99764855  0.99600084 -0.99653141
  1.24641883  3.05220106 -0.99591279 -1.00059299  1.00081745  0.99426075
 -1.20159905 -0.99512437 -0.99571264 -0.99392212  0.99892674 -0.99475318
 -0.99516107  1.00160304  0.99390829 -0.99886719 -0.99699724 -0.99494774
  0.99881764 -1.89036282  0.99405576 -1.66138611  0.99990066  0.99635081
 -2.27211311 -1.78317888  0.99802357  0.99853178  0.99864326 -0.9993336
 -0.99382021 -1.00153157 -1.00157846 -1.04342611  0.99430797 -0.99588128
 -0.9947711   0.99806767  1.00007074 -0.99516927 -1.00162086 -1.00150024
 -1.0007561  -1.00018143  1.00085412  0.99374224  0.99737067 -2.04593684
 -2.14920646  0.99355266 -2.15756175 -1.82546988  1.00052112 -1.17631669
 -0.99517174  0.99797125 -1.37377302 -0.99921571 -0.99911547 -0.9957932
 -1.00229308  0.99767757 -1.22101533  1.23007796  0.99816836  1.001052
  0.99881382  0.99380113  1.00115726  0.99606735 -0.99805917  1.00125722
  1.19742799 -1.1912106  -1.93829797  0.99704884 -2.65389359 -2.45938257
 -1.98882777 -3.13573565  0.99804947 -1.19519276  0.9960242  -1.00074685
 -0.9949242  -0.99744302  0.99906865  0.99437258 -1.12091943  0.99791442
 -0.99978584 -0.99820583  1.001187   -0.99962385  0.99803051 -0.99370486
  1.00115084 -1.00094795  0.99443324 -0.99953327  0.99775479  0.99364446
 -1.84807251 -2.74438615  1.0009691  -2.31955974  0.99825849 -1.13505307
 -1.51426097  1.00073214 -1.82479534 -1.23915064  1.00158396 -1.6358896
 -1.43550745  0.99437548 -1.18912524  0.99647073 -1.00135817  0.99378601
  0.99704215  0.99672786 -0.99510935  1.00169689 -0.99585087  0.99585596
  0.99622793  0.997102    0.99772175 -1.05647793  0.9951083   0.99739961
  0.99648873  0.99628953 -1.05528691 -1.02304747 -1.60831005 -2.68454191
  0.99983834  0.99874532  0.99934535  0.99527917 -1.89493325 -1.40599255
  1.00090965 -0.99534401 -0.99360795  1.00110309 -0.99404884  0.99776948
  0.99914813  0.99455502  1.00097853 -1.00166965  0.99494595 -1.00063363
 -0.9944955   0.99508092 -1.1007692   1.00095334 -1.5453216  -1.15172914
 -0.99644921  0.99586824 -1.75475917  0.99381049 -3.22094848 -3.25094012
  0.99730991  0.99724015  0.99367106  1.00135501 -0.99816365 -0.99499119
  0.99627525  1.0006437   0.99935005 -0.99348474  0.99792479 -1.00143072
  1.00102043  0.9956331  -1.00142758  0.99695309 -0.9989397  -0.99405943
  0.99952974  1.00170272  0.99708514  1.31148648 -0.99548331 -0.99912579
 -0.99854455  0.99402757 -1.86334018  0.99752435 -1.4748963   0.99544454
 -1.00036829  1.43415066  1.31782513  1.23237682 -1.00143242 -0.99462282
  0.99753047  0.99713925  1.00027011 -0.99936628  0.99450177 -0.99524112
 -0.99370377  1.00098462 -0.99481514  0.99618841  0.99796561  0.999567
 -0.99401724  1.75598806 -0.99780253 -0.99605019  1.85032276  1.1276991
 -0.99569428 -0.99699767 -0.99968964 -0.99462708 -0.99870441  1.50380922
 -1.00126336 -0.99776014 -1.00122779  0.99396317  1.00018475 -0.9935103
  0.99754156  1.00143124  0.99469564  0.99670027  0.99395193 -0.99487847
  0.99942258  1.00063926  0.99612604  0.99920984 -0.99583358  0.99981519
  0.9944899   0.99820671  0.99771898 -0.99668892  1.0651156  -0.99883549
  1.14936009  1.0842828   1.02771457  1.00133796  0.9962456   0.99658549
  0.99680815  0.99514475  1.00090153 -0.99351848  0.99377978  0.99442464
  0.99881974 -0.99638663 -0.99786416 -0.99655207  1.00143594 -1.00115048
 -0.9972613   0.9959614   0.99772317 -1.00161438  0.99528559  0.99868354
  1.00010241 -0.99958093  0.99675366  1.00115821  0.99987742  0.99875669
  1.00077703 -0.99732828 -0.99533246  1.00135539  0.99853066 -0.99698148
  0.99474813  1.00050042  0.99558084  0.99630669]
expected w_2 is: 
[-0.06365594 -1.06365594]
when we regard k-deep nn as a zero-deep nn: 
expected gamma_ps are: 
[-1.          0.99717235 -0.99744717  1.00012113 -1.00328456  1.00048889
 -0.99819773  1.00100341 -0.99801681 -1.00326856  1.00323045  1.00309495
 -0.9974956  -1.00272927 -0.99712006  1.00170843 -1.00190696  0.99506226
 -0.99730805 -4.37717439 -1.00159358 -0.9955917  -0.99906583  0.995835
  1.0003894  -0.99986966 -0.99786063  0.99981047 -0.99980232 -0.99850897
 -0.99831284  0.99948585 -0.99502441  1.0030759   0.99618022 -1.00301746
  0.99586562  0.99851025 -0.99774043  0.99801172 -0.99921454 -0.99583776
  0.99654577 -1.00315828 -1.00185809 -0.99902611  0.99735018 -1.0020215
 -0.99683585 -0.9987427   1.00058429 -1.00016688  0.99743806  1.0007823
 -0.99558569 -0.99509332 -0.99565005 -0.99723492 -1.00171678 -1.00303487
 -1.00014402 -1.00258707 -0.99775777 -1.00132688  1.00243742  0.99539062
 -1.00156453  0.99898535  0.99681793  0.99943142  0.99843158  0.99796285
  0.99767317  1.00236052  0.99580094 -1.00308805 -1.00165396  1.00304058
  0.99821088  0.99641362 -0.9998096  -1.00270668 -1.0006359   0.99660729
 -0.99953674  1.00191784  0.99941483 -0.9957117   0.9952018   0.99687251
  0.99662478  0.999074    1.00302087  1.00084411 -0.99824408  0.99687517
 -1.00314377 -1.00323434  0.99506037 -0.99959123 -1.00311937  0.99842466
 -0.995582    0.99972557 -0.99621134  0.99611186  1.00045422  0.99675201
 -0.99927639 -0.99742155  1.0013916   1.00311542 -1.00024301  0.99684871
  1.00143779 -1.00194927 -0.99856623 -0.99723021 -0.99847155 -1.00139952
 -0.99584262  0.99852124  1.0015062   0.99760923 -1.00258522  0.99841472
 -0.99688997  0.99807115 -0.99859163 -0.99791357  1.00182772 -0.99726757
 -0.99881503  0.99802459  0.99573618  0.99942345 -1.00126644  0.99967148
 -0.99819447 -0.99836373 -0.99651811 -1.00121116  1.00125262  1.00306088
 -0.99862896 -0.99518174 -1.00116441  0.99999085  1.00132535  0.99942372
  1.00130059 -1.00182945 -1.00189639  0.99567213  0.99889685  1.00174054
  0.99862623  0.99956717  1.00077407 -0.99847272 -0.99552188  0.99785716
  0.99551691 -0.99721369 -0.9970455  -0.99942865  0.99601816 -0.99823841
 -0.99578712 -0.99758826 -0.99639179 -1.00327419 -0.99778984  1.22902829
  0.99714013  0.9981609   0.99783469  1.00047918  0.99873692  0.99693346
  1.00234087 -0.99990786  0.99550809  1.00145446 -0.99904336  1.95718809
  0.99548642  1.00047648  0.99995593  1.00046772 -1.00182013 -0.99603874
 -0.99524921  0.99697416 -0.99505764 -0.99521388 -1.0023284  -0.99655299
 -0.99528045  0.99815827  1.00101248  0.99718853 -1.00183878 -0.9962233
 -0.99532625  0.99584033  1.0013229   0.99724925  0.995189    0.99599259
  1.00216636 -1.00030148 -0.99773842  1.00044005 -0.99684575  1.00164799
 -1.00007615  1.00157272  0.99535688  1.00304332  0.99950621  0.99507093
 -0.99604075  1.00023826 -0.99524314 -1.00320238 -0.99955367  0.99782324
 -1.00102087 -0.99588382  1.00126585  1.00238054  1.00077436  0.99993021
  0.99989579 -1.00327079 -0.99691158 -0.99858288  1.00106153  1.00266031
 -0.99813877 -0.99797879  1.0027798   0.9988678   0.99618727  1.00318451
  0.99820668  1.00182549 -0.99801381 -0.9957797   1.00105578 -0.9979986
 -0.99726308  1.0003371  -0.99765463 -0.99695751  1.00090161  0.99772142
  0.99748192 -0.997186   -0.99731759  0.99602093  0.99927393 -0.99914996
  0.99506455  0.99596542 -1.05160542  1.00102527  1.00158006 -1.00164139
 -0.99761188  1.00031187  0.99649484  0.9998804  -0.99932136 -0.99832336
  4.74084654 -1.0012298   1.00073804 -0.99628805 -0.99535235 -0.99625484
 -0.99812511 -1.00306886 -1.00302126 -1.00256223  0.99886191  0.99677436
 -0.99906808 -1.00211058 -0.998556   -0.99528358  0.99676563  0.99866702
 -1.00168745  1.00122178  0.99713492  0.99697123 -1.00015026 -1.00069561
 -0.9958525   1.00295859  0.99818996 -0.99601902 -0.99655763  1.0031504
 -0.99532166  1.00066236 -0.99599131  1.00234938 -1.00171635  1.71720416
 -0.99913006  1.00147662 -0.99509949 -0.99568385  0.99906148 -0.99639716
 -1.00254944 -0.99968809 -0.99938595 -0.99676184  1.0025581  -1.00312362
  0.99937294 -0.9959718   1.00121763  1.00142206  0.99761741 -1.00193872
  1.00311314  0.99933603  0.9971408   0.99672686  0.99932318 -0.99661007
  1.00054362  0.99730715  1.00103722 -0.99621994  1.00232668 -0.99849553
  0.99817286  0.99608723  1.00019295  1.00026179  0.99731438  1.00115252
 -1.00158268  0.9967527  -1.00165144 -0.99880545 -1.00060157  1.00233002
  0.99963368 -0.99623754  1.00143769 -0.99888853  0.99752378  0.99635606
 -0.99584622  1.00301136  1.00324785  0.99900603 -1.00002565  1.0013818
  1.00140602  0.99595472  0.99520962  1.0014628  -1.00045476 -0.99712431
  1.00268666  1.00036356  0.99914019  0.99557822 -1.00166482 -1.00177851
  1.00268507 -1.00027526  0.99715221  1.00267693 -0.99820861 -1.00025615
  0.99567884 -0.99768263 -1.00110245 -1.00108436  1.00305776  0.99768388
 -0.99957302  1.00301736 -0.99568891  1.00032451  0.99997939 -0.9979267
  1.00159045 -0.99649997  1.00236423  0.99657423  0.99881624 -0.99511136
  1.00304445 -1.00043934  1.00159171 -1.00092414 -0.99846843  0.99856387
  0.99726652  3.11366953  1.00253378  0.99682163  1.00272097  0.99839625
  1.93910502 -0.99822287  0.9960804   0.99879311  0.99549596  0.99591543
  0.99922882  0.9970318  -0.99859963 -0.99529593 -0.99510934  1.00059909
  0.99994181 -0.99827088 -1.0005197  -0.99987771 -0.99512141  0.9955873
 -1.00264057  0.99993849 -0.99803747  0.99950375  0.99516527 -0.99809869
  1.00187049 -1.00152968  0.99534247 -0.99984755 -0.9959173   1.0027205
 -0.99620639  1.00049221 -1.00058973 -1.0027648   0.99681663  0.99917237
  0.99540613 -0.99829542 -0.99576095 -0.99918153 -0.99668211  1.00095543
  1.00296865  0.99581207  0.99922569 -0.99942095 -0.99691522 -0.99574892
  0.99578046  1.00274173 -3.05076124  0.99867864  1.00234434 -0.99556403
  0.99686852  1.00306145 -1.00156215  0.99804324 -0.99900049  1.00315476
  1.0030302   0.99746363 -0.9966423  -1.00304027 -1.00085678  1.00301723
  0.99813434 -0.99825513  0.99502912 -1.00154371  1.00233476 -0.9966545
  0.99611456 -1.00181982  0.9990352  -0.99925528  0.99657974 -0.99899614
 -0.99527936 -0.99764368  1.00135757  0.99567133 -1.00177321  0.99759705
 -1.00209132 -1.00141967  1.00313763 -1.00296188  0.99871991 -0.99533339
  1.00302439 -1.00303988  0.99822567 -0.99634003  1.0009265   1.00072419
 -1.00078058  1.00201176  0.99925346 -0.99760877 -1.00195622 16.20548307
  0.99513044  0.99865256 -0.99560303 -0.99981121  1.00100583  0.99727925
 -0.99792927  0.99565707 -1.00323122  3.71115903  0.99650072  1.0025148
 -1.00278266 -1.20261154  0.99798017 -0.99908573  0.99729201  1.00176467
 -1.00051403  0.99670842 -0.99603269  0.99700315  1.00198497 -0.99611341
  0.99552865  0.99653129  0.99786848  1.00278977 -1.00285742  1.00106477
 -0.99781999  0.99587161 -0.99651338  1.00205625  0.99945829  0.99860827
 -0.99977163 -0.99776071 -1.00239001  1.00113865 -1.00032911  1.00304406
  0.99620575  1.00306005  0.99699637  1.00291069  1.00301864  0.99955967
  1.00144042 -0.99760661 -0.99760682  0.9975065  -1.00327007 -1.00241522
  1.00207049 -1.0018137  -1.00220561  0.99943959  0.99804593  1.00302174
  0.99970037 -1.00026337  0.99500273 -0.99549821  1.00096663 -0.99511738
  1.00323139  0.99562161  0.99590729  0.99638207 -1.00010805  0.99595908
 -1.00257055 -0.99592205  1.00148042  0.99615657 -1.00313987 -0.99786498
  1.00029037  1.00155544  1.00042178 -1.00233188  1.00130209 -1.00067476
  1.00203227  0.99713228  1.00062532  0.99630922 -0.99691219 -1.41352831
  1.00007953 -1.00072009  0.99516897  0.99942922 -0.99715907 -0.99960895
 -1.00322416  1.00163793  0.9991845   0.99550559  0.99556054 -0.99526151
 -1.00110696 -0.99927413  0.99557081  1.00173909 -0.99519935  1.00286536
  0.9959568   1.00203442  0.99960108  0.99961549 -0.99954947  1.00312736
 -0.99645727 -1.00205415  1.00267944 -1.00145267  3.83925316  0.99978485
  0.99763327 -2.03061564 -1.00000821  0.99767035 -0.99852524 -0.99731566
  1.00173751 -0.99618923  1.00146461  0.99737474  0.99786595  1.00072939
 -0.99516957  0.99576849 -0.99650458  1.00320144  0.99511921  1.00040005
 -1.00325746 -0.99508471  1.00284047  0.99802038 -0.99842977 -0.99717986
  0.9952615  -0.99861483 -1.00301306  1.00010453  0.99501753 -0.99694809
 -0.99717719  0.99590767 -0.99559839  0.99545515  1.00114553 -0.9986142
 -0.99540373 -0.99596994  1.0001282  -0.99830591  0.99893429  1.00253054
  1.00174724  0.99919604  0.9977758  -1.0009103  -0.99879716 -1.00103321
  0.99745083 -0.99933137 -1.00003509  0.9991217  -1.00209575 -0.99958429
  1.00192958 -0.99736694  0.99567801  0.99524746  1.0022403   1.00311909
  0.9962139   2.28129003 -1.00094871  1.00324798 -1.00258408  1.00315507
 -1.00210317  0.99532408 -1.00224504 -1.00027742 -1.00159176 -1.00208624
 -0.99511894 -1.00105823  0.99504019  1.00265898  0.99766025 -1.00154363
  1.61050522  1.00069682  0.99597477  0.99736437  0.99681263 -0.99883196
  0.99769963 -1.00142909  0.99858299 -1.00305984 -1.001931   -1.00116233
 -0.99614084  0.99697221  0.99803642  1.00306689 -1.00155864 -0.99813445
 -1.00125381  1.00070818 -4.29538965 -0.99652877 -0.99789809 -1.00009565
  1.00054935 -0.99798728  1.0018436  -0.99544077  0.99880006  0.99651073
 -1.00133612  1.00253431 -0.99807254  0.9969092  -1.00103082 -0.9972941
 -1.00306159  0.99809319 -0.995286   -0.99783711 -0.99765189 -0.99698034
 -0.99929379  0.99922444 -0.99698391 -0.99700608  0.99736633 -0.9958063
  1.00099183 -0.9962802  -0.99911946 -0.99851629 -0.99965762  0.99749043
 -0.99763999 -1.10458247 -0.99705132  0.99538629  1.00288205 -1.00078678
 16.20579819 -0.995387    1.00059718  0.99560855 -1.00022601  0.99535627
  1.00320639  0.99711664  0.99979433 -1.0011518 ]
[ 1.          0.99986202  0.99667908 -0.99356787  0.99441822 -0.99453638
 -0.99939839 -0.99379998  0.9944417  -0.99386033 -1.0014411   0.99404965
 -0.99585731 -0.99704696  1.00149315 -0.99704528 -0.99484798  0.99766072
  0.99532577 -0.99474047  0.99665421  1.00106776 -1.00080719  0.9948701
  1.0003178   0.99585858  1.00008269 -0.9969178   1.00012868  1.00167691
 -1.00084771 -1.00123779  0.99952254 -0.99462218  1.00124548 -0.9975215
 -0.99372374 -0.99348391 -0.99780685  0.99671573  0.99605619 -1.00116742
 -1.00150052 -1.00007514 -0.9983676   0.99850225  0.99591917  1.0013945
  0.99918097  0.99571385  1.0010216   0.99985434 -0.99520645 -0.99738224
 -0.99645942 -0.99985506  0.99744772  1.00074704  0.99542895 -0.99632748
  1.00143395  0.99935297  1.00048731 -0.99557998  0.99782287 -0.99427981
  1.00144445  1.00166268 -1.00144744 -0.99621151 -0.99925481  1.00165868
  0.99578718  1.00066166 -0.99534307  0.99368143 -1.00066149  0.99842497
 -0.99955224 -2.9275852  -1.00008442  0.99970272  1.00145898 -0.99658124
 -0.99563522 -0.9976603   0.99356133  0.99729164 -0.99468203 -0.99473278
 -0.99739475 -0.9986052  -0.9956131   0.99663272 -0.99803386 -0.99452425
 -0.99361342 -0.99815816 -0.99846735 -0.99665121  0.99967319 -1.00144137
  0.99653167  0.99414032  0.99874651 -0.999882    0.99843226 -1.00154185
  0.99857633  1.71594524  0.99870921  1.00146056 -0.9944596   0.99490419
  1.00171177 -0.9955166   1.00079286 -0.99710204 -0.99533322  1.00107342
  0.99772847  0.99756252  0.99928257  0.99437127 -0.99536264  1.16693273
 -0.99367555 -1.00113405  1.0973118   0.99764889 -0.99777676 -1.00130067
 -0.99417982  0.99903338 -0.99681652 -0.99665248 -0.99946147  1.0003296
  0.99466363 -0.99886825  0.99690922  0.99535221 -0.99611624 -1.4361149
 -0.99363835  1.00106029  0.99991988 -1.00095312 -1.00062484 -0.99683677
 -0.99675763  2.14650586 -0.99487898 -0.99863354 -0.99819398  3.99374982
 -0.99877585 -1.00048228  2.0685074  -1.00070864  0.99550146  0.99751098
  1.00096454  0.99920394 -0.9967759  -0.99869968 -0.99531066  0.99545648
 -0.99559977  0.9955761  -1.00133817  0.99696407  0.99655506  0.99388772
  0.99728706 -0.99367575  0.99863811  1.2302008   2.05309768 -1.00081833
 -0.99932865 -0.99942291 -0.99872092  1.86553429  0.99418513  0.99353156
 -1.07905173 -1.00001066  1.27941182  1.23823358  0.9990682  -1.00032857
 -0.99504519 -0.99521828 -0.99880802 -9.06697757  0.99648522  1.00142466
 -0.99461912  0.99525589 -0.99534604  0.99845302 -0.99504874  1.00160239
  0.99718311 -0.99651338 -0.99650827 -0.99688813  1.00026335 -1.30835783
 -1.90606523 -2.00566089 -1.49836696 -1.33246962  0.99344463  0.99439747
 -1.0011521  -0.99464575  1.25433076  0.99909236  1.00088342 -0.9987023
 -0.99941815  1.0001066  -0.99474908 -0.99724458 -0.99503918  0.99654057
  0.99682268 -0.99383752  1.00176235  0.99829813  0.99757077  0.99471245
  1.00091508 -1.12861962  0.99403196  0.99523541  0.99916776  0.99474448
 -1.00110035 -0.9952181  -0.99610291  1.0003004  -0.9959529  -0.99757974
 -0.99724507 -0.99697818  0.99622498 -1.00150549  0.99769321  0.99857084
 -0.99958154 -0.99668554  1.00137381  0.99919819 -1.00097836 -1.00150365
 -0.99611888  0.99947716  1.00024947  0.99892429  1.00152237  0.99496528
 -2.40327255  1.00035427  1.00003875 -2.27427194 -0.99568292 -0.99734743
 -0.99796256 -0.99963347  1.00068134 -1.00181754  1.52856261  1.27199859
  1.09639652 -0.99695211 -0.9967294   1.0008142   0.99463548 -0.99847369
 -1.00079642  0.99425401 -0.99985471 -0.99856579 -1.41811063  0.99494732
  0.99906111 -0.99692408 -0.99977616 -0.99516444 -1.57600981 -1.12452399
  0.99734284  0.99668203  0.99400989 -1.21190003  1.00110666 -1.94553357
  0.99940117  1.42174792  1.3989374  -0.9956198   1.05671005 -0.99603062
 -0.99427833 -0.99501853  0.99583004  0.99582386  0.99677649 -0.9962246
  0.99396847  0.9982544   0.99681979  1.0011099   0.99909403 -0.99511088
 -1.00144282  0.99733064  0.99476014 -1.0004552  -0.99898858 -1.80180013
  0.99725965 -2.31302301  0.99930511  0.99585176 -1.0007991  -1.00057387
  1.4210793   1.33562153  1.12594463 -1.00038133 -0.99501553 -1.00007536
 -0.99537585 -0.99676121  1.00140586  0.99790323  0.99483768 -1.40095051
  1.00158108  0.99438311 -1.89410195  1.97516555 -0.99942679  0.9972875
  0.99713323  0.99462767  0.99703978  0.99869858 -2.14338378 -2.80436854
 -3.2369621   0.99776813 -3.06999978 -0.99670938 -1.00007245  1.16661767
 -0.99985908  0.99574681  1.00081075 -1.00048266  0.99891554 -1.00112745
  0.995851    0.99430334  0.99433262  0.99358796 -3.18004692  1.0013586
 -2.33041172 -1.00006934 -1.00065504  1.02939323 -0.99870335  0.99608886
  0.99665303 -1.42525374  0.99835593  0.99641213  0.99813965 -1.91907785
 -0.99426462  1.29508947  1.1187511  -0.99606903 -0.99684672 -1.00106072
  0.99977313  0.99643153 -0.99401693 -0.99729269  0.99926517 -0.99420988
 -1.04633767  0.99420502 -3.19923436  0.99809497  0.99980324 -1.6495601
 -0.99937549 -0.99843024  1.98645068 -0.99586524  1.62996702 -1.00086153
 -2.57154724 -4.12097189  0.99637867 -2.05756059  0.99759337 -6.74391027
 -1.00076463  0.99523076 -0.99478739  0.99346734  0.99945545 -0.99957725
  0.99782525  0.99354846  0.99946577 -0.9962821   0.99894337 -1.63405653
  0.99704816  0.99472693  0.99652495  0.99508999 -1.18835445  1.18589329
  2.40517915 -0.99724123 -0.99785035  0.9969072   0.99909889  0.99828269
 -4.0607833   0.99702051 -1.11811527 -0.99946204  0.99891742  0.99978171
  0.99424591 -0.99536849  0.99411891 -1.0005138   0.99837471 -0.99560566
 -0.997341    1.00066202 -0.99382632  1.00149875  0.99884567 -2.06557116
 -2.71950859  0.99759527  1.00090914  1.00052721 -1.001529   -0.9949608
  2.11787265 -1.13596659 -2.46576079  0.99938769  0.99448048 -2.38146421
  0.99833278  0.99425839  0.99661249  0.99720487  0.99552786  0.99396011
 -0.99488284 -0.99713638 -0.99568661 -0.99737383  0.99977198 -0.99454642
 -1.00146082 -0.99689487  0.99850299 -1.00009501  0.99658268 -0.99970218
  1.00151714  1.1899237   2.33610029 -0.99764855 -0.99600084  0.99653141
 -1.24641883 -3.05220106  0.99591279  1.00059299 -1.00081745 -0.99426075
  1.20159905  0.99512437  0.99571264  0.99392212 -0.99892674  0.99475318
  0.99516107 -1.00160304 -0.99390829  0.99886719  0.99699724  0.99494774
 -0.99881764  1.89036282 -0.99405576  1.66138611 -0.99990066 -0.99635081
  2.27211311  1.78317888 -0.99802357 -0.99853178 -0.99864326  0.9993336
  0.99382021  1.00153157  1.00157846  1.04342611 -0.99430797  0.99588128
  0.9947711  -0.99806767 -1.00007074  0.99516927  1.00162086  1.00150024
  1.0007561   1.00018143 -1.00085412 -0.99374224 -0.99737067  2.04593684
  2.14920646 -0.99355266  2.15756175  1.82546988 -1.00052112  1.17631669
  0.99517174 -0.99797125  1.37377302  0.99921571  0.99911547  0.9957932
  1.00229308 -0.99767757  1.22101533 -1.23007796 -0.99816836 -1.001052
 -0.99881382 -0.99380113 -1.00115726 -0.99606735  0.99805917 -1.00125722
 -1.19742799  1.1912106   1.93829797 -0.99704884  2.65389359  2.45938257
  1.98882777  3.13573565 -0.99804947  1.19519276 -0.9960242   1.00074685
  0.9949242   0.99744302 -0.99906865 -0.99437258  1.12091943 -0.99791442
  0.99978584  0.99820583 -1.001187    0.99962385 -0.99803051  0.99370486
 -1.00115084  1.00094795 -0.99443324  0.99953327 -0.99775479 -0.99364446
  1.84807251  2.74438615 -1.0009691   2.31955974 -0.99825849  1.13505307
  1.51426097 -1.00073214  1.82479534  1.23915064 -1.00158396  1.6358896
  1.43550745 -0.99437548  1.18912524 -0.99647073  1.00135817 -0.99378601
 -0.99704215 -0.99672786  0.99510935 -1.00169689  0.99585087 -0.99585596
 -0.99622793 -0.997102   -0.99772175  1.05647793 -0.9951083  -0.99739961
 -0.99648873 -0.99628953  1.05528691  1.02304747  1.60831005  2.68454191
 -0.99983834 -0.99874532 -0.99934535 -0.99527917  1.89493325  1.40599255
 -1.00090965  0.99534401  0.99360795 -1.00110309  0.99404884 -0.99776948
 -0.99914813 -0.99455502 -1.00097853  1.00166965 -0.99494595  1.00063363
  0.9944955  -0.99508092  1.1007692  -1.00095334  1.5453216   1.15172914
  0.99644921 -0.99586824  1.75475917 -0.99381049  3.22094848  3.25094012
 -0.99730991 -0.99724015 -0.99367106 -1.00135501  0.99816365  0.99499119
 -0.99627525 -1.0006437  -0.99935005  0.99348474 -0.99792479  1.00143072
 -1.00102043 -0.9956331   1.00142758 -0.99695309  0.9989397   0.99405943
 -0.99952974 -1.00170272 -0.99708514 -1.31148648  0.99548331  0.99912579
  0.99854455 -0.99402757  1.86334018 -0.99752435  1.4748963  -0.99544454
  1.00036829 -1.43415066 -1.31782513 -1.23237682  1.00143242  0.99462282
 -0.99753047 -0.99713925 -1.00027011  0.99936628 -0.99450177  0.99524112
  0.99370377 -1.00098462  0.99481514 -0.99618841 -0.99796561 -0.999567
  0.99401724 -1.75598806  0.99780253  0.99605019 -1.85032276 -1.1276991
  0.99569428  0.99699767  0.99968964  0.99462708  0.99870441 -1.50380922
  1.00126336  0.99776014  1.00122779 -0.99396317 -1.00018475  0.9935103
 -0.99754156 -1.00143124 -0.99469564 -0.99670027 -0.99395193  0.99487847
 -0.99942258 -1.00063926 -0.99612604 -0.99920984  0.99583358 -0.99981519
 -0.9944899  -0.99820671 -0.99771898  0.99668892 -1.0651156   0.99883549
 -1.14936009 -1.0842828  -1.02771457 -1.00133796 -0.9962456  -0.99658549
 -0.99680815 -0.99514475 -1.00090153  0.99351848 -0.99377978 -0.99442464
 -0.99881974  0.99638663  0.99786416  0.99655207 -1.00143594  1.00115048
  0.9972613  -0.9959614  -0.99772317  1.00161438 -0.99528559 -0.99868354
 -1.00010241  0.99958093 -0.99675366 -1.00115821 -0.99987742 -0.99875669
 -1.00077703  0.99732828  0.99533246 -1.00135539 -0.99853066  0.99698148
 -0.99474813 -1.00050042 -0.99558084 -0.99630669]
start step 1: collect decision boundary points
start step 2: recover $\gamma_P$s
3 different MAPs occur
corresponding \gamma_P are: 
boundary point: 0, \gamma_p is [[ 1.          1.12698751  0.99663225 -0.99315277  0.99385594 -0.99415953
  -1.12655962 -0.99334349  0.9942162  -1.12099182 -1.00132931  1.12118213
  -1.12274841 -1.12434694  1.00177364 -0.99675057 -1.12195561  1.1245117
   0.99520169 -1.3366975   0.99634188  1.00141846 -1.12811338  1.12159267
   1.12767705  0.99560534  1.00022623 -0.99673575  1.00015155  1.0018807
  -1.12810848 -1.00135141  0.99981098 -0.99408611  1.12839587 -1.12487009
  -0.99358952 -0.99316605 -1.12483768  1.12369436  0.99585725 -1.12829101
  -1.00181804 -1.12759517 -1.12569624  0.99847101  1.122805    1.00135666
   0.99933234  0.99552312  1.12843803  0.99983658 -0.99506652 -0.99716792
  -1.12326731 -1.12684771  0.99756425  1.00097269  0.99503079 -1.12360112
   1.00151814  0.99914919  1.00066318 -1.12269732  1.12515372 -0.99421116
   1.00143889  1.12901813 -1.00174422 -0.99600866 -0.9993093   1.12894885
   1.12268513  1.1281683  -0.995316    0.99308474 -1.12812311  1.12583253
  -0.99963972 -3.05052218 -1.12739196  0.99951359  1.00151347 -0.99658166
  -1.12264212 -0.99739138  1.12042843  0.99739435 -0.994651   -0.99459867
  -0.99744588 -0.99857744 -0.99514361  1.12378633 -1.12511117 -0.99437668
  -1.12072125 -1.125561   -0.99868635 -1.12372624  0.99945595 -1.00163551
   0.99659424  1.12106406  0.99890998 -1.00012411  1.12567559 -1.00184886
   0.99853384  1.76168715  1.12602983  1.12906608 -1.12143663  1.12169345
   1.12922648 -1.12266954  1.00093668 -1.12405544 -1.12225307  1.00105479
   0.99785063  1.12462746  1.12664699  1.12117499 -1.12254621  1.30477276
  -1.12038925 -1.00133113  1.10359823  0.99763413 -0.99752096 -1.12852374
  -1.12104815  1.12616039 -0.99688736 -0.99647819 -1.12682203  1.12764393
   0.994441   -1.12600631  0.99693624  0.99498137 -0.99579137 -1.46368441
  -1.12046031  1.00143663  0.99984276 -1.00101651 -1.00058239 -0.99667417
  -0.99647054  2.21937588 -1.12198794 -0.99882418 -0.99815137  4.31175098
  -0.99878745 -1.00054261  2.26389011 -1.1279708   0.99550229  1.12453038
   1.12805477  0.9993327  -1.12369684 -1.12589479 -0.99526771  0.99528147
  -1.12236571  0.99545008 -1.12850789  0.99656447  0.99647856  1.13539194
   1.12424651 -0.99339231  1.12572778  1.37219967  2.24736982 -1.00106776
  -0.99913902 -1.12669455 -0.99892755  2.04803954  0.993878    1.18136483
  -1.08437345 -0.99998309  1.4245101   1.38074305  0.9988951  -1.12741157
  -1.12174161 -0.9951086  -1.12573174 -9.70751961  0.99611535  1.00173692
  -1.12129043  1.12215091 -0.99498742  1.12548985 -1.12216484  1.00194694
   0.99730344 -0.99655832 -0.99620387 -0.99686726  1.12728812 -1.32824449
  -1.96360779 -2.19701296 -1.65726238 -1.35360816  0.99323021  1.12145997
  -1.12854449 -0.99420692  1.39753967  1.12654254  1.12822247 -0.99893554
  -1.12644329  1.12744283 -1.12142629 -1.12458725 -1.12200919  1.12349604
   0.99655753 -1.12049749  1.12926934  1.12565559  1.12477969  1.12168567
   1.12828092 -1.26432978  0.99385076  0.99502445  1.12649656  1.12189351
  -1.12836614 -1.12209924 -0.99567999  1.12756169 -0.99594009 -0.99722507
  -0.99718593 -0.99667171  0.99611319 -1.1286469   1.12492782  0.99860936
  -1.12669492 -0.99645522  1.00161266  0.99934295 -1.00098538 -1.00174655
  -0.99603421  0.99962511  1.00043818  1.12591674  1.12888728  0.99470096
  -2.49291847  1.12743423  0.99675831 -2.35532656 -0.99530965 -1.12459728
  -1.12499513 -0.99959239  1.12781586 -1.00194293  1.5622553   1.28942231
   1.46797471 -1.1241506  -0.99647632  1.00110444  0.99459191 -1.12545233
  -1.128042    0.99369498 -1.12735201 -1.12595188 -1.44480138  1.12173456
   0.99906276 -1.1241769  -1.12698428 -1.12187062 -1.61288549 -1.1325379
   0.99706838  1.12386279  1.12076046 -1.22558405  1.00116964 -2.13308306
   0.99962918  1.57609813  1.55153201 -1.12240182  1.06054134 -0.99557952
  -1.12093057 -0.99466137  0.99582189  1.1230218   0.99646411 -0.95033196
   0.99364203  1.12555151  0.99693139  1.00145743  1.12629088 -1.12188454
  -1.12901118  0.99718268  0.99446777 -1.12759231 -0.99876342 -1.98035447
   1.12435954 -2.52366565  1.12665262  1.12299243 -1.00100375 -1.12804801
   1.57539681  1.48425854  1.26109424 -1.00061604 -0.99474344 -1.12717865
  -0.99504901 -0.99672852  1.1288756   0.9980125   1.12197145 -1.55369269
   1.12887968  1.12109076 -1.9510086   2.16457369 -0.99956339  1.12450241
   0.99685207  1.12139317  0.99674833  0.9986939  -2.34352188 -2.919085
  -3.37938864  0.99786765 -3.20168282 -1.12374342 -1.00023679  1.30430656
  -1.12689991  1.12298197  1.12838337 -1.00057874  0.99884697 -1.00111334
   1.1229906   1.1209974   1.12098113  1.12058711 -3.44616773  1.00163026
  -2.41493429 -1.00005272 -1.0007536   1.15829708 -1.12604099  0.99572875
   1.1239251  -1.57965644  1.12538423  1.12366836  0.99813738 -2.10491509
  -0.99417672  1.31402396  1.12624252 -1.12320205 -0.99645341 -1.0012778
   0.99978799  1.12371071 -1.12067584 -0.9971018   1.12653137 -1.12102355
  -1.0491883   0.99406102 -3.33908539  1.12506991  1.12702956 -1.81791286
  -0.99914403 -1.12567255  2.17666186 -1.12297509  1.67016918 -1.00100987
  -2.671765   -4.18510202  1.12362371 -2.12508728  1.12492763 -7.1096596
  -0.94103567  0.99504239 -0.99470715  1.12028888  1.12644836 -0.99981243
   1.12495194  1.12026304  0.99952297 -1.12306025  0.9991895  -1.6743833
   1.12417083  0.99450346  0.99627276  0.99478729 -1.32734847  1.3247602
   2.4944645  -0.99707163 -1.12490287  1.12399293  1.12604801  0.99829652
  -4.2555096   0.99673561 -1.12593288 -1.12673233  0.99911048  1.1272552
   0.99412321 -0.9950444   0.99370913 -1.12803672  1.12538285 -0.99538073
  -0.9974663   1.00081474 -1.12047776  1.00164836  0.9989855  -2.13334463
  -2.82878279  1.12448981  1.12823201  1.00059972 -1.12874423 -1.12168366
   2.31607985 -1.14444951 -2.81692624  1.12657883  1.12159258 -2.59643735
   1.12534157  1.12140204  0.99629948  1.12421662  0.99530893  1.12109067
  -0.99436632 -0.99711764 -1.12251256 -1.12471443  0.99970502 -0.99400933
  -1.00167471 -1.12390038  1.12540552 -1.12751358  1.12382796 -1.12678452
   1.12868064  1.20190018  2.54840661 -1.1247657  -0.99596607  0.99637662
  -1.38911909 -3.3100043   1.12305327  1.12766947 -1.12829657 -0.99405045
   1.21430141  0.99472573  1.12295371  0.99334881 -0.998942    0.99471831
   1.12235984 -1.12921284 -0.99363557  0.99903015  1.12417929  1.12198647
  -1.12610632  2.07448391 -0.99372702  1.70364314 -1.12733315 -0.02819931
   2.48009776  1.96026297 -1.12493215 -1.1257405  -0.99849495  1.12643221
   0.99356072  1.12866683  1.00147538  1.34608648 -0.99417046  1.12309338
   0.99426324 -1.13815634 -1.00020592  0.99492209  1.12886586  1.1290223
   1.00077364  1.12729773 -1.12797016 -0.99353673 -0.99707901  2.11276893
   2.34939232 -0.99336517  2.35842856  2.00550961 -1.12805042  1.31492271
   0.99500529 -0.99810701  1.39779082  1.12661097  1.12633897  1.12275107
   1.00245573 -1.12470145  1.23493469 -1.24465393 -1.125387   -1.00092728
  -0.99898194 -0.99321385 -1.00142423 -0.99563383  1.12544201 -1.00136739
  -1.20990631  1.20353722  1.99818262 -0.9970218   2.75897135  2.55213273
   2.17922065  3.27157954 -1.1253799   1.33489691 -0.99589759  1.12830102
   1.12189626  0.9972656  -0.99932958 -1.12104202  1.25599278 -1.12478512
   1.12729219  1.1251271  -1.00152522  1.12668384 -1.12522631  1.12036112
  -1.12870196  1.00127    -0.99398675  1.12657311 -1.125126   -1.1204182
   2.02939211  2.98284414 -1.00100608  2.40341429 -0.99806685  1.14360941
   1.67444143 -1.00096343  2.00465428  1.3814539  -1.12880245  1.65004769
   1.59055028 -1.12137752  1.32817133 -0.99628446  1.00162755 -1.12067977
  -1.12437334 -0.99641744  1.12206039 -1.00209312  1.12261837 -1.1226048
  -1.12337253 -1.12418554 -0.99786077  1.18749814 -1.12180551 -0.99705376
  -0.99652472 -0.99592595  1.18609528  1.1518044   1.64706476  2.91929023
  -1.12691673 -1.12611047 -0.99913524 -1.12238541  2.2599531   1.5591379
  -1.00112034  0.92944481  0.99320265 -1.00132369  0.99376597 -1.12477085
  -0.99898542 -1.12128009 -1.00094966  1.12892308 -0.99476216  1.12803468
   0.99445467 -0.99503922  1.10740862 -1.00081234  1.70703929  1.2887277
   0.9960179  -1.12260654  1.93030074 -0.99354463  3.3624317   3.39441277
  -0.99744241 -1.12429056 -1.12077417 -1.00143671  1.12504384  0.99486873
  -1.12317267 -1.00094725 -1.12634276  1.12009496 -0.9977219   1.00161208
  -1.12810709 -1.12241282  1.12884083 -1.12396554  1.12611859  1.12115661
  -0.99939069 -1.00186441 -0.99704328 -1.4586874   0.99527448  0.99900648
   1.12560387 -1.12091905  1.91829858 -0.99742475  1.50499598 -1.12244234
   1.12782881 -1.58893449 -1.33833456 -1.24747416  1.12898048  1.12179334
  -0.99761639 -0.91539734 -1.12766197  1.12684697 -1.12163047  1.12245325
   0.99317122 -1.00134703  0.99434431 -1.12327769 -1.12525165 -1.1269865
   0.99394923 -1.93149462  1.12466114  1.12328228 -1.90460386 -1.26324068
   1.16159677  1.12416513  1.1267279   1.12143151  1.12573331 -1.66312061
   1.1285116   0.9975287   1.12852995 -1.12108793 -1.12763366  0.99302526
  -1.12445365 -1.0017172  -0.99448504 -0.9962971  -1.1209804   0.99467332
  -1.1267799  -1.00063695 -1.33296527 -1.12625286  0.9957043  -1.12712375
  -0.99410624 -1.12527864 -0.99745855  0.99677045 -1.06933926  1.12585347
  -1.28626738 -1.08948887 -1.15667041 -1.00162201 -1.12338649 -1.12351009
  -1.1241141  -0.99495919 -1.12797312  0.99324565 -1.12054856 -1.12119173
  -1.12601387  1.12342147  0.99792228  0.99652523 -1.00169713  1.00149275
   1.12446432 -1.1227818  -1.1248364   1.00181373 -1.12227791 -0.99876161
  -1.12727295  0.99289907 -1.12367351 -1.00152771 -0.99968829 -1.12604192
  -0.03288724  0.99745399  1.12238761 -1.00172334 -1.12576577  1.12380793
  -0.99421181 -1.00071789 -0.9953147  -1.12345912]]
boundary point: 3, \gamma_p is [[ 1.          0.99986196  0.99667908 -0.99356783  0.99441819 -0.99453635
  -0.99939839 -0.99379995  0.99444165 -0.99386032 -1.00144108  0.99404966
  -0.99585732 -0.99704697  1.00149311 -0.99704523 -0.99484799  0.99766071
   0.99532573 -0.99474041  0.99665415  1.00106776 -1.00080716  0.9948701
   1.00031774  0.99585855  1.00008263 -0.9969178   1.00012863  1.0016769
  -1.00084768 -1.00123776  0.99952253 -0.99462214  1.00124549 -0.99752146
  -0.99372372 -0.99348387 -0.9978068   0.99671573  0.99605616 -1.00116738
  -1.00150048 -1.00007514 -0.99836759  0.99850221  0.99591916  1.00139446
   0.99918093  0.99571382  1.00102161  0.99985433 -0.99520645 -0.99738219
  -0.99645941 -0.99985505  0.99744769  1.00074704  0.99542896 -0.99632744
   1.00143393  0.99935297  1.00048726 -0.99557995  0.99782288 -0.99427978
   1.00144444  1.00166267 -1.00144743 -0.99621145 -0.99925481  1.00165865
   0.99578719  1.00066165 -0.99534303  0.9936814  -1.0006615   0.99842495
  -0.99955219 -2.92758492 -1.00008438  0.99970269  1.00145896 -0.99658123
  -0.9956352  -0.99766027  0.99356129  0.99729165 -0.99468203 -0.99473278
  -0.99739471 -0.99860515 -0.99561305  0.99663268 -0.99803381 -0.99452426
  -0.99361337 -0.99815811 -0.99846731 -0.99665119  0.99967317 -1.00144138
   0.99653166  0.99414033  0.99874651 -0.99988197  0.99843221 -1.00154186
   0.99857628  1.7159452   0.99870921  1.00146057 -0.99445956  0.99490416
   1.00171173 -0.99551656  1.0007928  -0.99710201 -0.99533322  1.00107338
   0.99772842  0.99756251  0.99928257  0.99437128 -0.99536263  1.16693273
  -0.99367551 -1.00113405  1.09731176  0.9976489  -0.99777674 -1.00130064
  -0.99417981  0.99903335 -0.9968165  -0.99665249 -0.99946148  1.00032961
   0.9946636  -0.99886824  0.99690919  0.99535218 -0.99611622 -1.43611493
  -0.99363837  1.00106025  0.99991987 -1.00095308 -1.00062478 -0.99683675
  -0.99675758  2.1465057  -0.99487895 -0.99863352 -0.99819393  3.99375011
  -0.99877584 -1.00048224  2.06850744 -1.00070864  0.99550142  0.99751096
   1.00096453  0.99920389 -0.99677587 -0.99869963 -0.99531066  0.9954565
  -0.99559978  0.99557606 -1.00133813  0.99696408  0.99655507  0.9938877
   0.99728702 -0.99367572  0.9986381   1.2302008   2.05309767 -1.00081831
  -0.99932863 -0.99942288 -0.99872089  1.86553416  0.99418513  0.99353156
  -1.07905171 -1.00001067  1.27941179  1.23823353  0.99906821 -1.00032852
  -0.9950452  -0.99521827 -0.99880799 -9.06697731  0.9964852   1.00142467
  -0.99461912  0.99525589 -0.99534606  0.99845302 -0.99504873  1.00160237
   0.99718311 -0.99651338 -0.99650825 -0.99688808  1.00026336 -1.30835779
  -1.90606507 -2.00566091 -1.498367   -1.33246954  0.99344459  0.99439747
  -1.00115206 -0.99464575  1.25433079  0.99909232  1.0008834  -0.99870232
  -0.99941816  1.00010657 -0.99474905 -0.99724454 -0.99503914  0.99654055
   0.99682265 -0.99383747  1.00176232  0.99829812  0.99757077  0.99471241
   1.00091503 -1.12861956  0.99403197  0.99523542  0.99916771  0.99474445
  -1.00110036 -0.99521805 -0.99610286  1.00030034 -0.99595287 -0.99757975
  -0.99724505 -0.99697818  0.99622496 -1.00150545  0.99769322  0.99857084
  -0.99958149 -0.99668552  1.00137381  0.99919815 -1.00097831 -1.00150362
  -0.99611889  0.9994771   1.00024945  0.99892429  1.00152238  0.99496524
  -2.40327266  1.00035422  1.00003875 -2.27427188 -0.99568287 -0.99734737
  -0.9979625  -0.99963347  1.00068132 -1.00181753  1.52856252  1.27199852
   1.09639648 -0.99695208 -0.99672939  1.00081416  0.99463546 -0.9984737
  -1.00079638  0.99425396 -0.99985469 -0.99856576 -1.41811062  0.9949473
   0.99906109 -0.99692409 -0.99977614 -0.99516444 -1.57600975 -1.12452394
   0.99734281  0.99668197  0.99400983 -1.21189995  1.00110663 -1.94553366
   0.99940115  1.42174784  1.39893742 -0.99561976  1.05670999 -0.9960306
  -0.99427827 -0.99501854  0.99583005  0.99582384  0.99677645 -0.9962246
   0.99396842  0.99825439  0.99681975  1.00110991  0.99909399 -0.99511083
  -1.00144283  0.99733065  0.99476014 -1.00045522 -0.99898855 -1.80180017
   0.99725966 -2.31302277  0.99930509  0.99585176 -1.00079907 -1.00057386
   1.42107927  1.33562155  1.12594459 -1.0003813  -0.99501552 -1.00007536
  -0.99537583 -0.9967612   1.00140584  0.99790323  0.99483769 -1.40095046
   1.00158106  0.99438308 -1.89410198  1.97516563 -0.99942674  0.99728745
   0.99713319  0.99462768  0.99703973  0.99869854 -2.14338382 -2.80436847
  -3.23696228  0.99776812 -3.07000002 -0.99670937 -1.00007244  1.16661764
  -0.99985906  0.99574679  1.00081073 -1.00048267  0.9989155  -1.00112741
   0.99585097  0.9943033   0.99433258  0.99358794 -3.18004696  1.00135856
  -2.33041155 -1.00006932 -1.00065502  1.02939317 -0.99870333  0.99608886
   0.99665299 -1.42525373  0.99835591  0.99641209  0.99813963 -1.91907777
  -0.9942646   1.29508942  1.11875103 -0.996069   -0.99684672 -1.00106069
   0.99977308  0.99643152 -0.99401688 -0.99729266  0.99926513 -0.99420987
  -1.04633769  0.99420498 -3.1992346   0.99809498  0.99980319 -1.64956011
  -0.9993755  -0.99843025  1.98645054 -0.99586519  1.62996691 -1.00086153
  -2.5715471  -4.1209723   0.99637865 -2.05756059  0.99759336 -6.74391158
  -1.0007646   0.99523073 -0.99478736  0.99346735  0.99945544 -0.9995772
   0.9978252   0.99354844  0.99946576 -0.99628208  0.99894338 -1.63405651
   0.99704812  0.99472688  0.99652494  0.99508993 -1.18835445  1.18589325
   2.40517911 -0.99724121 -0.99785034  0.99690717  0.99909886  0.99828267
  -4.06078337  0.99702049 -1.11811521 -0.99946198  0.99891739  0.99978167
   0.9942459  -0.99536847  0.9941189  -1.00051377  0.99837469 -0.99560562
  -0.997341    1.00066201 -0.99382633  1.00149873  0.99884566 -2.06557122
  -2.71950854  0.99759524  1.00090913  1.00052717 -1.00152895 -0.99496077
   2.11787254 -1.13596654 -2.46576063  0.99938764  0.99448043 -2.38146404
   0.99833278  0.99425835  0.99661245  0.99720482  0.99552781  0.99396008
  -0.99488284 -0.99713637 -0.99568655 -0.99737379  0.99977192 -0.99454642
  -1.00146079 -0.99689488  0.998503   -1.000095    0.99658268 -0.99970218
   1.00151712  1.18992367  2.33610006 -0.99764854 -0.99600079  0.99653137
  -1.24641875 -3.0522009   0.99591274  1.00059295 -1.00081744 -0.99426072
   1.20159902  0.99512437  0.99571259  0.99392213 -0.99892676  0.99475316
   0.99516105 -1.00160303 -0.99390826  0.99886715  0.9969972   0.99494773
  -0.99881764  1.89036276 -0.99405577  1.66138603 -0.99990066 -0.99635076
   2.27211301  1.78317887 -0.99802359 -0.99853173 -0.99864325  0.99933357
   0.99382022  1.00153157  1.00157843  1.04342608 -0.99430798  0.99588128
   0.99477109 -0.99806765 -1.0000707   0.99516926  1.00162084  1.00150019
   1.00075608  1.00018139 -1.0008541  -0.99374225 -0.99737068  2.04593683
   2.14920643 -0.99355267  2.15756154  1.82546995 -1.00052113  1.17631666
   0.99517171 -0.99797126  1.37377301  0.99921566  0.99911542  0.99579318
   1.00229307 -0.99767758  1.22101527 -1.23007793 -0.99816834 -1.00105202
  -0.9988138  -0.9938011  -1.00115724 -0.99606734  0.99805917 -1.00125723
  -1.19742802  1.19121056  1.93829804 -0.99704885  2.65389344  2.45938262
   1.98882777  3.13573587 -0.99804946  1.19519276 -0.99602418  1.00074682
   0.99492418  0.99744299 -0.99906864 -0.99437258  1.12091942 -0.99791438
   0.99978581  0.99820582 -1.001187    0.9996238  -0.99803047  0.99370482
  -1.00115082  1.00094791 -0.99443323  0.99953322 -0.99775479 -0.99364447
   1.84807256  2.74438594 -1.00096905  2.31955951 -0.99825845  1.13505307
   1.51426094 -1.0007321   1.82479519  1.23915064 -1.00158398  1.63588963
   1.43550744 -0.99437546  1.18912517 -0.99647068  1.00135812 -0.99378601
  -0.99704212 -0.99672787  0.99510932 -1.00169691  0.99585083 -0.99585595
  -0.99622792 -0.99710201 -0.99772176  1.05647792 -0.99510831 -0.99739956
  -0.99648874 -0.99628952  1.05528686  1.02304744  1.60831006  2.68454183
  -0.99983832 -0.99874528 -0.99934534 -0.99527917  1.89493322  1.40599248
  -1.00090964  0.99534396  0.99360791 -1.00110306  0.9940488  -0.99776942
  -0.9991481  -0.99455499 -1.00097852  1.0016696  -0.99494593  1.0006336
   0.99449547 -0.99508093  1.10076917 -1.0009533   1.54532161  1.15172911
   0.99644922 -0.99586822  1.75475903 -0.99381045  3.22094828  3.2509402
  -0.99730988 -0.99724013 -0.99367105 -1.00135499  0.99816362  0.99499117
  -0.99627522 -1.00064365 -0.99935     0.99348473 -0.99792474  1.00143072
  -1.00102045 -0.9956331   1.00142758 -0.99695309  0.99893968  0.99405944
  -0.99952973 -1.00170267 -0.99708516 -1.31148647  0.99548332  0.9991258
   0.9985445  -0.99402759  1.86334006 -0.99752436  1.47489622 -0.99544453
   1.00036827 -1.43415062 -1.31782508 -1.23237675  1.0014324   0.99462279
  -0.99753044 -0.9971392  -1.00027005  0.99936627 -0.99450173  0.99524111
   0.99370374 -1.00098458  0.99481508 -0.99618842 -0.99796561 -0.99956695
   0.99401723 -1.75598808  0.99780252  0.99605016 -1.85032274 -1.12769907
   0.99569427  0.99699764  0.9996896   0.99462703  0.99870442 -1.50380919
   1.00126336  0.99776015  1.00122777 -0.99396318 -1.00018474  0.9935103
  -0.99754152 -1.00143123 -0.99469563 -0.99670026 -0.99395189  0.99487845
  -0.99942259 -1.00063921 -0.99612604 -0.99920984  0.99583358 -0.9998152
  -0.99448986 -0.99820669 -0.99771893  0.99668891 -1.06511557  0.9988355
  -1.14936004 -1.08428277 -1.02771452 -1.00133792 -0.99624561 -0.99658549
  -0.99680812 -0.99514469 -1.00090147  0.99351849 -0.99377976 -0.9944246
  -0.99881975  0.99638659  0.9978641   0.99655204 -1.0014359   1.00115046
   0.99726125 -0.99596138 -0.99772314  1.00161434 -0.99528558 -0.99868352
  -1.00010235  0.99958091 -0.99675361 -1.00115819 -0.99987739 -0.99875667
  -1.00077699  0.99732827  0.99533243 -1.00135535 -0.99853064  0.99698144
  -0.99474812 -1.00050037 -0.99558082 -0.99630663]]
boundary point: 5, \gamma_p is [[-1.          0.99717233 -0.99744719  1.00012113 -1.00328454  1.00048886
  -0.9981977   1.00100338 -0.99801677 -1.00326857  1.00323042  1.00309496
  -0.99749562 -1.00272926 -0.99712002  1.00170844 -1.00190699  0.99506227
  -0.99730807 -4.37717494 -1.00159354 -0.99559171 -0.99906581  0.99583502
   1.00038939 -0.99986968 -0.99786062  0.99981047 -0.99980232 -0.99850895
  -0.99831284  0.99948582 -0.99502438  1.00307593  0.99618019 -1.00301744
   0.99586562  0.99851026 -0.99774045  0.9980117  -0.99921457 -0.99583777
   0.99654575 -1.00315829 -1.00185806 -0.99902609  0.99735019 -1.00202153
  -0.99683588 -0.99874267  1.00058428 -1.00016684  0.99743807  1.00078231
  -0.99558565 -0.99509332 -0.99565005 -0.99723492 -1.00171676 -1.00303486
  -1.00014398 -1.00258706 -0.99775776 -1.0013269   1.00243738  0.99539061
  -1.00156449  0.99898535  0.99681795  0.99943139  0.99843156  0.99796286
   0.99767316  1.00236054  0.99580097 -1.00308801 -1.00165398  1.00304057
   0.99821089  0.99641361 -0.99980959 -1.00270666 -1.00063593  0.99660725
  -0.99953671  1.0019178   0.99941482 -0.99571173  0.99520176  0.99687253
   0.99662481  0.99907402  1.00302088  1.00084411 -0.9982441   0.99687514
  -1.0031438  -1.0032343   0.9950604  -0.99959123 -1.00311934  0.99842466
  -0.99558197  0.9997256  -0.99621131  0.99611189  1.0004542   0.99675202
  -0.99927639 -0.99742156  1.00139161  1.00311539 -1.00024297  0.99684867
   1.0014378  -1.00194928 -0.99856619 -0.99723021 -0.99847152 -1.00139949
  -0.9958426   0.99852121  1.00150618  0.99760922 -1.00258524  0.99841473
  -0.99688996  0.99807113 -0.99859159 -0.99791359  1.00182768 -0.99726755
  -0.99881503  0.9980246   0.99573618  0.99942347 -1.00126642  0.9996715
  -0.99819443 -0.99836374 -0.99651808 -1.00121114  1.00125264  1.00306085
  -0.99862895 -0.99518173 -1.00116439  0.99999088  1.00132537  0.99942368
   1.00130056 -1.00182943 -1.0018964   0.99567213  0.99889684  1.00174057
   0.9986262   0.99956717  1.00077408 -0.99847268 -0.9955219   0.99785715
   0.99551692 -0.99721372 -0.99704552 -0.99942863  0.99601811 -0.99823837
  -0.99578712 -0.99758822 -0.99639179 -1.00327414 -0.99778977  1.22902822
   0.99714006  0.99816087  0.99783469  1.00047918  0.99873686  0.99693342
   1.00234087 -0.99990787  0.99550805  1.00145444 -0.9990433   1.95718814
   0.99548642  1.00047648  0.99995588  1.00046767 -1.00182008 -0.99603869
  -0.99524918  0.99697413 -0.99505759 -0.99521387 -1.00232837 -0.99655298
  -0.99528039  0.99815826  1.00101243  0.99718854 -1.00183878 -0.9962233
  -0.99532623  0.99584029  1.00132289  0.99724924  0.99518901  0.99599256
   1.00216634 -1.00030143 -0.99773842  1.00044    -0.99684571  1.00164799
  -1.00007616  1.00157266  0.99535687  1.00304328  0.99950618  0.99507091
  -0.99604071  1.00023824 -0.99524313 -1.00320237 -0.99955364  0.99782324
  -1.00102081 -0.9958838   1.00126584  1.0023805   1.00077437  0.9999302
   0.99989579 -1.00327077 -0.99691158 -0.99858288  1.00106149  1.00266028
  -0.99813876 -0.99797873  1.00277974  0.99886781  0.99618726  1.00318451
   0.99820669  1.00182549 -0.9980138  -0.99577968  1.00105573 -0.99799858
  -0.99726306  1.00033711 -0.99765462 -0.9969575   1.00090155  0.9977214
   0.99748186 -0.997186   -0.99731755  0.99602093  0.99927392 -0.99914992
   0.9950645   0.99596542 -1.05160539  1.00102526  1.00158004 -1.00164135
  -0.99761182  1.00031184  0.99649481  0.99988037 -0.99932137 -0.99832335
   4.74084714 -1.00122981  1.00073801 -0.996288   -0.99535233 -0.99625485
  -0.99812506 -1.00306883 -1.00302124 -1.0025622   0.99886193  0.99677435
  -0.99906806 -1.00211059 -0.99855596 -0.99528356  0.99676561  0.99866698
  -1.00168742  1.00122171  0.99713493  0.99697124 -1.00015024 -1.0006956
  -0.99585249  1.00295859  0.99818994 -0.99601898 -0.9965576   1.00315039
  -0.99532162  1.0006623  -0.99599126  1.00234935 -1.00171633  1.71720413
  -0.99913001  1.00147662 -0.99509945 -0.99568381  0.99906145 -0.99639714
  -1.0025494  -0.99968807 -0.99938597 -0.99676185  1.00255803 -1.00312359
   0.99937289 -0.99597178  1.00121763  1.00142204  0.9976174  -1.00193869
   1.00311312  0.99933597  0.99714079  0.99672686  0.99932318 -0.99661006
   1.00054356  0.99730713  1.00103721 -0.9962199   1.00232662 -0.99849553
   0.99817283  0.9960872   1.00019289  1.00026176  0.99731437  1.0011525
  -1.00158266  0.99675267 -1.00165143 -0.99880545 -1.00060154  1.00232998
   0.99963369 -0.99623752  1.00143765 -0.9988885   0.99752378  0.99635604
  -0.99584621  1.00301136  1.00324785  0.99900597 -1.00002566  1.00138176
   1.00140599  0.99595467  0.99520962  1.00146276 -1.00045471 -0.99712429
   1.00268661  1.00036354  0.99914018  0.99557822 -1.00166478 -1.00177846
   1.00268508 -1.00027522  0.99715222  1.00267688 -0.99820857 -1.00025615
   0.99567883 -0.99768258 -1.0011024  -1.00108432  1.0030577   0.99768388
  -0.99957298  1.00301737 -0.99568886  1.00032451  0.99997938 -0.9979267
   1.0015904  -0.99649994  1.00236419  0.99657422  0.99881619 -0.99511133
   1.00304445 -1.00043927  1.00159171 -1.00092414 -0.9984684   0.9985638
   0.99726646  3.11366947  1.00253375  0.99682163  1.00272092  0.99839623
   1.93910505 -0.99822285  0.99608034  0.99879311  0.99549594  0.99591541
   0.9992288   0.99703178 -0.99859957 -0.99529589 -0.99510932  1.00059907
   0.99994177 -0.99827085 -1.00051967 -0.99987768 -0.99512135  0.99558723
  -1.00264053  0.99993849 -0.99803743  0.99950371  0.99516523 -0.99809867
   1.00187047 -1.00152968  0.99534245 -0.99984749 -0.99591729  1.00272048
  -0.99620633  1.00049221 -1.00058967 -1.00276474  0.99681657  0.99917236
   0.9954061  -0.99829536 -0.99576093 -0.99918151 -0.99668212  1.00095542
   1.00296862  0.99581208  0.99922568 -0.99942092 -0.9969152  -0.99574888
   0.99578041  1.0027417  -3.0507612   0.99867859  1.00234431 -0.99556401
   0.99686849  1.00306143 -1.00156215  0.99804323 -0.99900045  1.00315471
   1.00303018  0.99746362 -0.9966423  -1.00304028 -1.00085672  1.00301722
   0.99813434 -0.99825512  0.99502913 -1.00154369  1.00233473 -0.99665444
   0.99611456 -1.00181979  0.99903516 -0.99925525  0.99657971 -0.9989961
  -0.99527931 -0.99764369  1.00135754  0.99567133 -1.0017732   0.99759705
  -1.0020913  -1.00141963  1.00313757 -1.00296188  0.99871988 -0.99533337
   1.00302439 -1.00303984  0.99822568 -0.99634     1.00092648  1.00072416
  -1.00078056  1.00201174  0.99925343 -0.99760871 -1.00195622 16.20547679
   0.99513043  0.99865254 -0.99560303 -0.9998112   1.00100579  0.9972792
  -0.99792924  0.99565705 -1.00323123  3.71115921  0.99650066  1.00251481
  -1.00278267 -1.20261154  0.99798018 -0.99908571  0.99729201  1.00176466
  -1.00051399  0.99670836 -0.9960327   0.99700314  1.00198493 -0.9961134
   0.99552861  0.9965313   0.99786845  1.00278977 -1.00285738  1.00106478
  -0.99781998  0.99587161 -0.99651338  1.00205623  0.99945828  0.99860827
  -0.99977163 -0.99776065 -1.00239     1.00113864 -1.0003291   1.00304401
   0.99620575  1.00306004  0.99699634  1.00291065  1.00301861  0.99955968
   1.00144043 -0.99760661 -0.99760676  0.99750648 -1.00327004 -1.00241522
   1.00207047 -1.00181366 -1.00220558  0.9994396   0.99804591  1.00302176
   0.99970036 -1.00026336  0.99500269 -0.99549818  1.00096664 -0.99511739
   1.00323137  0.99562156  0.99590726  0.99638204 -1.00010803  0.99595907
  -1.00257054 -0.99592205  1.00148042  0.99615658 -1.00313984 -0.99786497
   1.00029037  1.00155544  1.00042179 -1.00233188  1.0013021  -1.00067476
   1.00203227  0.99713225  1.00062529  0.99630923 -0.99691216 -1.41352833
   1.0000795  -1.00072008  0.99516898  0.99942921 -0.99715902 -0.9996089
  -1.00322412  1.00163792  0.99918449  0.9955056   0.99556048 -0.99526151
  -1.00110692 -0.99927414  0.99557079  1.00173903 -0.99519931  1.00286535
   0.99595676  1.00203438  0.99960104  0.99961544 -0.99954943  1.00312732
  -0.99645724 -1.00205411  1.00267944 -1.00145261  3.83925295  0.99978479
   0.99763326 -2.03061544 -1.00000819  0.99767034 -0.9985252  -0.9973156
   1.0017375  -0.99618921  1.00146458  0.99737473  0.99786591  1.00072933
  -0.99516955  0.99576843 -0.99650457  1.00320142  0.99511919  1.00040002
  -1.00325744 -0.99508468  1.00284047  0.99802033 -0.99842974 -0.99717985
   0.99526151 -0.9986148  -1.00301305  1.00010454  0.99501753 -0.9969481
  -0.99717718  0.99590762 -0.99559834  0.99545513  1.0011455  -0.99861415
  -0.99540373 -0.9959699   1.00012819 -0.99830587  0.99893431  1.00253053
   1.00174721  0.99919604  0.99777579 -1.00091029 -0.9987971  -1.0010332
   0.99745081 -0.99933132 -1.00003504  0.99912166 -1.00209575 -0.99958425
   1.00192956 -0.99736691  0.99567797  0.99524745  1.0022403   1.00311905
   0.99621391  2.28128992 -1.00094871  1.003248   -1.00258407  1.00315507
  -1.00210313  0.99532407 -1.00224505 -1.00027741 -1.00159171 -1.00208618
  -0.9951189  -1.00105821  0.99504015  1.00265896  0.9976602  -1.00154362
   1.61050526  1.00069676  0.99597474  0.99736438  0.9968126  -0.99883194
   0.9976996  -1.00142904  0.99858295 -1.00305982 -1.00193095 -1.00116227
  -0.99614084  0.99697218  0.99803641  1.00306685 -1.00155865 -0.99813441
  -1.00125381  1.00070813 -4.29538897 -0.99652877 -0.99789808 -1.00009566
   1.00054932 -0.99798728  1.0018436  -0.99544071  0.99880008  0.99651071
  -1.00133609  1.00253426 -0.99807251  0.99690919 -1.0010308  -0.99729411
  -1.00306158  0.99809317 -0.99528601 -0.99783708 -0.99765187 -0.99698035
  -0.99929376  0.99922445 -0.9969839  -0.99700603  0.99736633 -0.99580631
   1.00099179 -0.9962802  -0.99911941 -0.99851628 -0.99965761  0.9974904
  -0.99763999 -1.10458248 -0.99705131  0.99538628  1.00288204 -1.00078676
  16.20580163 -0.995387    1.00059717  0.99560851 -1.00022601  0.99535622
   1.0032064   0.99711662  0.99979432 -1.00115177]]
3  true MAPs are  [[3], [1], [2]]
We have collected all the required queries
the Oracle query times is 2**20.109039933769125
start recover nn under a subset of decision boundary points
we have found a solution
the model activation patterns of selected points are  [[1], [2], [3]]
selected w_2 sign is  1
recovered w_1 is  [[ 1.          0.99986196  0.99667908 ... -1.00050037 -0.99558082
  -0.99630663]
 [-1.          0.99717233 -0.99744719 ...  0.99711662  0.99979432
  -1.00115177]]
recovered w_2 is  [[1.06365717 0.06365717]]
recovered bs are  [array([[-3.35458994],
       [-0.02709363]]), array([[5.75902343]])]
start checking the prediction matching ratio
prediction matching ratio is  0.50856

we have found a solution
the model activation patterns of selected points are  [[1], [2], [3]]
selected w_2 sign is  -1
recovered w_1 is  [[-1.         -0.99986196 -0.99667908 ...  1.00050037  0.99558082
   0.99630663]
 [ 1.         -0.99717233  0.99744719 ... -0.99711662 -0.99979432
   1.00115177]]
recovered w_2 is  [[-1.06365717 -0.06365717]]
recovered bs are  [array([[3.35458994],
       [0.02709363]]), array([[5.75902343]])]
start checking the prediction matching ratio
prediction matching ratio is  1.0

6 models are checked, and 2 extracted models are final candidates

Process finished with exit code 0
