true weights are 
[array([[ 0.24625726, -0.24408706, -0.24693255, ...,  0.24385583,
         -0.24302992,  0.24354988],
        [ 0.24598734, -0.24637208,  0.24454101, ...,  0.2437826 ,
         -0.24448733, -0.24325834]])
 array([[1.14048222, 0.96374002]])]
true biases are 
[array([[-0.04558534],
        [ 0.53856796]]) array([[-3.00356195]])]
when the recovered model is correct: 
expected w_1s are: 
[ 1.         -0.99118727 -1.00274222 -0.99521926  0.99799587  0.98736164
  0.99695384 -0.99853189  0.99014633 -1.02297915  0.99985032  0.9983251
 -0.99634573 -0.99234121 -0.98998651 -0.99838962 -0.98701528 -0.99244387
  0.98990553 -0.99500166 -0.99612718  0.98791284 -0.99933185  0.99692969
 -0.99773745  0.99400214  0.99415832 -0.99225916 -0.9987998  -0.98747771
  0.99257467  0.99906897  1.00101774 -0.98713585 -1.00094209  0.99256387
  1.00235742  1.00330193  0.99455212 -0.9930588   0.99906038  0.99120177
 -0.99698696  1.07524195  0.99140257 -0.99620249  0.99425752 -0.99105038
 -1.0000676   0.99423353 -0.99261063 -0.9908344  -0.99981942  0.99010128
  0.98985539  0.99128493  0.98982369  1.00235332  1.0635711   0.98941523
  0.99153319 -0.99331065  1.00081206  0.99758934 -0.99247316  0.99970005
  0.99040918 -0.99022525 -0.99461558 -0.97714123  1.0104139  -0.99897892
 -1.00341858 -1.01045408 -1.00603741  0.97555005  0.98676502  0.98916255
  0.99800211  0.99115826 -0.99360392 -0.98808253  0.99000088  0.99055648
 -0.9925392   1.00166615  0.98877411 -0.99895409 -0.99388001  0.99125311
  0.99854559 -0.9937505   0.98993917 -1.00634169 -1.0302913   0.97664685
 -1.01786407 -1.10155736  0.97485359  0.96734282  0.96545668 -1.14771713
 -1.11989162  0.9811847  -1.13172243 -1.00978812  0.97744285  0.97933601
  0.96782178  0.98327184  0.99648534  0.99969627  1.00275471 -1.20450606
  0.98754656 -1.00356558  0.9923411   1.00127365 -0.96859517 -0.97925533
  0.97400557  0.97688799  0.96779784  0.97449005 -1.20743905  0.9712473
  0.96558596  0.96859727 -1.20323681 -1.20775218 -1.21047858  0.97009232
  0.97221875 -1.21275692 -1.21064102  0.97707496  0.9752743  -1.11307019
  0.97159079 -1.00028995  0.99796385 -0.9964174   0.99520171 -0.99667943
  0.99780728  1.00910111  1.05916857 -0.96508012 -1.20436505 -1.20729992
  0.96686669 -1.20804454  0.97528906  0.9654261   0.97064621 -1.21356616
  0.97404763 -1.21663642 -1.2133656   0.97995498  0.97069661  0.98045453
  0.97590099  0.97099278  0.97234138  0.97989724  1.12205389 -1.0016396
  0.98984907 -0.98689907 -0.99163215  0.99094702  1.00907444 -1.01476172
  0.98194236 -1.01296244  0.97106435  0.97785361  0.96905618 -1.20752345
 -1.21173562  0.97187905 -1.20519112  0.9711898  -1.20521226  0.97492612
  0.97883211 -1.20929014  0.9644503   0.96623502 -1.21274937  0.97754492
  0.96640779 -1.21003207  0.97548921  0.98142069 -0.99385179  0.99303158
  0.98884603  0.99801653 -0.97154615  0.96794242 -1.11898661 -1.18496726
  0.969263   -1.20663645  0.98117523 -1.21343716  0.9649667  -1.20835341
  0.97333449  0.9662665  -1.21626504  0.9799337  -1.21506789  0.97833758
 -1.20481453 -1.20685083  0.96604694 -1.21493441 -1.21639733 -1.20395839
 -1.15126912  0.99298731 -0.98689765  0.99670181 -0.99100967 -0.97666915
  1.10545492  0.97802385  0.96798051 -1.21349359 -1.20650244  0.96803557
 -1.21344468  0.98122294 -1.21391883 -1.20784586  0.96943437  0.97560499
 -1.20429557 -1.21600721  0.98065855 -0.97228785 -0.9769961   0.96735115
 -1.20548427 -1.21218726 -1.20598933  0.97929627  0.96732858 -1.02255003
  0.99995547  0.99005474  0.99460735 -0.98346332 -0.98094344 -1.16413062
  0.96956666 -1.20899049 -1.21463959  0.97179482 -1.2044884   0.97415019
  0.97908757 -1.21075509  0.9731769  -1.21349616  0.97390736  1.20501348
 -0.974794   -0.96765874  1.2136167   0.97161752 -1.2105968  -1.2040644
  0.97917437  0.97785191  0.96828563 -1.02591997 -0.99957953 -0.98701655
  0.99007573  1.01470681  0.9670527   0.97251858 -1.21636302 -1.21543859
  0.97308129  0.96530868 -0.98266444 -0.97768988 -1.20817824  0.97562258
 -1.20444376  0.97162098  0.97596291  1.2134      1.2063301  -0.97454251
  1.20415975  0.9654552   0.97578689  0.96551629  0.9649001  -1.20491169
  0.97076681 -1.00685183  0.99347858  0.99105223  0.99330982 -0.98004037
  0.97601167  0.97558695  0.98085764  0.96881026 -1.20478866  1.2121232
 -0.96905502  0.96974109  0.98081109  0.97633191  0.97066456  0.97521538
  1.21668304  1.21371596  1.21131933  1.20384721  1.20999469 -0.97124926
 -1.20445943  0.97114203  0.97625537 -1.20973752 -1.12436478 -1.0026738
  0.99403699 -1.00129234  0.99825786 -0.97999085 -1.06536949  0.97738751
  0.97742363  0.96660828 -0.96817878 -0.97037549 -0.9663354   0.9770489
 -1.21094661 -1.21394555  0.9781506   0.97671686 -0.98051329  1.20772483
  1.20644526 -0.97868682  1.20316448 -0.96554308  1.21263269  0.96889059
  0.96769311  0.9657309  -1.00987693  0.98728304  0.98910007  0.99682112
 -0.98357344 -0.98352694  0.96600343  0.97957312  0.97812001  1.14083499
  1.21001182  1.20375257 -0.97214021  0.97834005 -1.21461494  0.97043758
  0.97343453  1.21263973 -0.97596038 -0.97803537  1.21480899 -0.97392521
  1.21492494 -0.96861514  1.2157111  -0.97120856 -0.96756161 -0.97628328
  1.01307446  0.98745531 -0.99437395  0.994527    1.00201573  1.03993249
 -0.97223761  0.97090363 -0.97590472 -0.96508951 -0.96635963  1.21434848
 -0.96545626  1.21406523 -0.98142957 -0.97184255 -0.97202524  1.2132682
  1.21177391  1.21077276 -0.96429551 -0.96532261 -0.96975365 -0.96853364
 -0.97510254  1.20558351 -0.96835225  1.13864943 -1.20669654  0.99336567
 -0.9947975   0.99097322 -0.99749567 -0.97987468  1.11980757 -0.97010082
  1.21473019  1.21627978 -0.98000514  1.20707618 -0.96795849  1.21604766
 -0.96471091  1.21537035 -0.97525763  1.21570246 -0.97324459 -0.96471279
  1.20567755  1.20391545 -0.97439633  1.21538065 -0.98108904 -0.9645786
 -0.96473252 -0.96898227  1.00079488 -0.99651678 -0.98732448 -0.99055635
  0.9922451   1.00204318  1.06827041 -0.97415512  1.21474079  1.21175277
  1.21228511  1.2071427   1.20822628  1.21293389  1.20619866 -0.96494514
 -0.96793758  1.20485983  1.20590286  1.20696829  1.21435147  0.9677238
 -1.20326968  0.97281239 -1.21310665  1.09583308  0.96729832  1.04519497
  1.01633441 -0.99019679 -0.99132599 -0.99995122  0.99911293  0.97940887
 -1.05208586  0.97145678  0.96492704  0.97463058  1.20678204 -0.9793426
 -0.97073235  1.2046827  -0.98027318  1.21520224 -0.96488242 -0.97023083
  1.20657227 -0.97538752 -1.20322668 -1.20333126  0.9649326  -1.20715072
 -1.21207543 -1.21140255  0.96859557  1.00859593  1.0061185   0.98915856
 -0.98871483 -0.98938724  0.99506647  1.00595547 -1.2061343  -1.2154005
  0.96507593 -1.21413702  0.96895608 -1.21293175 -1.08144617 -0.96838319
  1.20664672  1.21024033 -0.96493191  1.20763749  1.1838914   0.97874719
 -1.20837879  0.97857031  0.97051115 -1.21135958 -1.20729254  0.97776835
 -1.20395293 -1.20496824 -0.99799454  0.99502163  0.99037965 -1.00347603
 -1.01124177 -1.00921232  0.97439222 -1.21039418 -1.210585   -1.20594544
 -1.213133   -1.21124765  0.9801302   0.9797932  -0.96518516 -0.96406088
  1.20491363 -1.21627764  0.97854191 -1.20935252 -1.20343083 -1.20572136
  0.97319946 -1.21629239  0.97622487  0.98075077  0.98107829 -0.9985071
 -0.99693111 -0.99574907 -0.99874482 -0.98986009  0.98635444  0.9718543
  0.96444474  0.96487826 -1.20572569  0.97675608 -1.21543201  0.97299559
  0.97697585  0.96802439  0.99539589 -0.96660331  0.96772926 -1.20931836
  0.96494627 -1.20672435  0.97598235  0.96482466  0.97649474  0.97895427
  0.97836393 -1.21204277 -1.11958107 -1.00041464  0.98897308 -0.99350574
 -0.99839297  0.9907886  -0.99082695 -1.02868107  0.9811616   0.9691982
  0.96835186 -1.21027235 -1.20700345 -1.20378186  0.97380246  0.98025581
  0.96954567 -1.20636011  0.96574305  0.96607615 -1.20678093  0.96907565
 -1.20524864  0.97617369 -1.20695233  0.96536998 -1.21191125 -1.2125277
 -1.00994564  0.9892209   1.12330082 -0.99132623  0.98818524 -0.99714043
 -0.99629965 -1.01358544 -1.20006059  0.97657795 -1.21141651 -1.21526288
 -1.2123903  -1.21260465 -1.21320442 -1.20837922  0.96866126  0.97915222
  0.96440313  0.97944239 -1.20561709  0.96765677 -1.21001484 -1.21632436
  0.9645028  -1.20384919  0.96568439  0.97127607 -1.00179629 -1.00008046
 -1.00485234  0.99029964  0.99171937 -0.98905033  0.99477315  0.97400648
  0.979136    0.96866044 -1.20434939  0.96956819  0.98017554 -1.20582058
 -1.21119273 -1.2042566   0.97041633  0.97158788  0.97789332 -1.2038113
  0.97167675 -1.20755976  0.98094104 -1.20598672 -1.13885097 -1.03170155
 -1.00397467 -0.99648542  0.98728565 -1.00089293  0.98810156  0.99556613
  1.00135506  1.00314244  0.9916239  -1.00121389 -1.02039453 -1.08489707
  0.97716614  0.97019127  0.97232616 -1.21294727  0.97491512  0.96434758
  0.96723416 -1.20804872  0.97278617  0.97656007  0.97882144  0.96833313
  1.20928055  1.21408115 -0.97475229 -0.97211761 -0.97421415 -0.99766988
  0.98085591  0.99364616  0.98984426  0.992988    1.0015883  -0.99920476
  1.00301757  0.98685126  0.97812957  0.99148369 -0.98584052 -1.04108308
 -1.06669281  0.97187266 -1.04741513  0.97432102  0.97814236 -1.21627634
  0.96905489  0.96737881 -0.97013546  0.96895185  0.98873323 -0.97152209
  1.06040143  0.98123919  1.19292401 -0.99814044 -1.01350363  1.00039482
  0.98711926  0.99457759  1.00316005  0.99199925 -1.21260129 -1.00123102
 -0.99500841  1.01819644 -0.97446317  0.99109598  1.00753415 -0.98648559
  0.97091796 -1.07534746  0.97850708 -1.07366288 -1.04008712 -1.01004265
 -1.0365473  -1.06329295  0.97616514 -1.03331545  0.9808983  -1.01294444
  0.99400661 -0.98670588  0.99601775 -0.99134715  0.99894849 -0.99269324
 -0.99426467  0.99257863  0.99342554  0.99735582 -0.99852958 -0.99174909
  1.00161713 -0.99505185 -1.01591     0.99358811  0.98868447 -0.99304684
 -0.99104052 -0.98987149 -0.99206258  0.9928722   0.99589379 -1.00184475
 -1.0026453  -0.9917308  -0.99829357 -0.99540456  0.99042846  1.20871626
 -0.99124438  0.9902483  -0.98689446  0.9890059 ]
[ 1.         -1.00156405  0.99412031 -1.00058215 -0.99403867  0.98986523
 -0.99660352 -1.00185277  0.9919507  -0.99394073 -0.9937874  -1.00198341
 -0.98929187 -1.21286471  0.99959952  1.00031592 -0.98828131 -0.99734872
  0.9957434  -0.99336811 -0.99849893 -1.00202055 -1.00054852  0.99040223
  1.21116164  1.00037     1.00330515 -0.99045621  0.99598167 -0.99389894
 -1.00348992  1.00356889  0.99300595 -0.99398238  1.19191172 -0.99285163
 -0.99245879 -0.99725636 -0.99758919  0.99157793 -1.00221    -1.00346407
  0.99810479  0.99142618 -1.00442026  1.00155775  0.99046172 -0.99113193
 -0.99797694 -0.99444607  0.99142858  1.00147878 -0.98832104 -0.99627556
  0.99413079 -0.99144288 -1.00302648  1.00084333  0.9926166  -1.00316029
 -1.00113229  1.002176   -0.99681638 -1.00404695 -0.9962537   0.99155202
  0.9909097  -0.99114126 -0.98786906  1.00819838  1.01618862 -0.98922494
 -0.97703054 -0.9820125  -0.99438439  0.99203942  0.994586   -0.99011205
 -0.9890318   1.00129435 -0.99985958 -0.99098871  0.98935621  0.99006303
 -0.98921118  0.99810543 -0.99339784  1.20362298 -1.00106377 -0.99119351
  0.99853147 -0.98040114  1.00003034 -0.99771823  1.00351326  1.02099824
 -0.97824609  1.01674935 -0.97796987 -0.99272291  1.02226866  1.06134964
  1.04727602  1.02690245 -0.96712627 -0.97821851  1.00975566  1.0096019
  0.99505455 -1.00403208  0.98998035  1.00118824  0.99470725  1.00250324
 -0.99832462 -0.99257286 -0.99170775 -0.98297842  1.02466758 -0.97958384
 -0.97938282 -0.97166321 -0.98020327 -0.97678617  1.21594345 -0.98012758
  0.9746709   0.96756899  0.99991583  1.1944199  -0.97162356  1.14522115
 -0.97208646 -0.98091575 -0.97983935 -0.97253176 -0.99897424 -0.99196905
 -0.98657306  1.00128078  1.00318605 -0.99391606  0.99107403 -0.99107555
  0.99153889  1.01184901 -0.97742945 -0.97767712  1.18538161 -0.97033437
  1.20880806 -0.96923576 -0.96878273  0.96698104  0.96594076 -1.21453232
 -1.21347409 -1.15319618  0.98056666  0.97949554 -1.13430377 -1.20427013
 -1.21770315 -1.20584294 -1.19344425  0.98247211 -1.02908134 -0.99333607
  0.99456366 -0.99390372 -0.991141    0.99356508 -0.99888898 -0.97064416
  1.12024188 -0.97987657  1.05938479  1.03551749 -0.96844731 -0.97124694
  0.97193256 -1.20929136  0.97333681 -1.21264975  0.98147192  0.97751911
 -1.20784572  0.97018586  0.97477392 -1.21588593  0.97285014  0.97292292
  0.97105098 -1.20726544  0.97649579  0.98543833 -0.99733304 -1.00289882
 -0.99229911  0.9982951  -0.9785247   0.98951599  1.00688646  1.04150094
  0.96911477  1.02268757 -1.09692515 -1.21244098  0.96554492  0.96529396
 -1.20982139  0.97647525  0.96707035  0.9751905   0.97540784  0.97995962
 -1.21726738  0.97354895  0.97526851 -1.21416837  0.96606523 -1.21372289
  0.96743315 -1.00275934  1.00145333 -1.21319697  0.99154289 -0.98185772
  1.0432889  -1.01393203  0.9705564  -1.02347141  0.97324157  0.96736351
  0.97669704  0.9799337  -1.21292868 -1.20714777  0.98134668 -1.20532115
 -1.21202931  0.96769888  0.9789969   0.9711183   0.97232133  0.96804854
  0.96645784  0.97173484  0.98013572  0.9732368  -1.11744889 -0.99937952
  1.00042267 -1.00020284  1.0030056  -0.98371363  1.02826457 -1.0398662
  0.97406558 -1.1798534  -1.21253295  0.97773127  1.10777889  0.97069574
  0.97712799 -1.21557241  0.96629873 -1.21602929 -1.2061609   1.21236068
  1.20834758 -0.98080061 -0.97299284 -0.98019926  1.20437276 -1.07346355
 -1.20932952 -1.2101829  -1.04764327  0.97721963  0.9947715  -0.99102657
  1.00127483 -0.97765824 -0.99281866 -1.05385424  0.97208905  0.96834632
 -1.20657482  1.02847563 -0.9783403   1.20761088  0.98275865 -1.20987032
  0.9785853  -1.2077724  -0.97027659  1.21573298 -0.98195431 -0.97744134
 -0.98114484  1.20529993 -0.97497084  0.97426479 -1.21464493  0.96850168
 -1.02608256  0.99280641 -1.0019088   1.00283409 -1.20330808 -0.9858907
  1.019317   -1.12100126  0.97330706  0.98022557  0.96773459 -0.97838744
  1.21071992 -0.98245133  0.97866953 -1.20947032 -1.2166965  -1.20814266
 -0.97645976 -0.97498368  1.21803258 -0.98080531  1.21283317  1.20673848
  1.20723272  0.98205877  0.97683668 -1.090196    0.96701195  0.99686925
 -0.99362655 -0.99086994  1.00343526 -0.99671336 -0.98512752  0.98038555
 -1.20492033  0.96875761  1.20756124  1.20879941 -0.97101375 -1.21051695
  0.96585725 -1.21748535  0.96928935 -1.17431923 -0.96954936  1.21361933
  1.21501376  1.21390771  1.20872964 -0.96891041  1.19790691 -1.04637771
  0.96939543 -1.01962178 -0.99823033  0.99643669 -0.98926414 -0.98852255
 -1.00046915  1.00756642 -0.97199458 -1.2119587   0.97029237  1.21078806
 -0.97211715  1.20461247  1.20589938  0.96630343 -1.21615589 -1.21455021
  0.97218976 -0.96715381 -0.96991952  1.21650472  1.20620009 -0.97010947
  1.21744064 -0.9703948   1.21457771 -0.97163668 -0.97879457 -0.9765139
 -1.20285298  0.99544391  0.99108367 -1.20512129  0.99485789  1.03275961
 -0.97982162  0.97287505  1.20560635 -0.96574298 -0.97751336 -0.97020063
  1.21118478  1.21771298 -0.96868862  1.20468604  1.21652235 -0.97403829
 -0.97680257 -0.98154149  1.21222919 -0.97635265 -0.96950514 -0.97863418
  1.21326589 -0.96536196  1.12997188 -0.97257189 -0.98694873  0.99863555
 -0.992156   -0.99264712  1.2035378  -0.96852193 -0.96934539  1.20508657
  1.2140263   1.21190409  1.2048969   1.21164926 -0.96964137 -0.97897042
 -0.96729587 -0.97314461 -0.97775934  1.21782508 -0.97639094 -0.98172117
 -0.98143644 -0.98169952  1.20820098  1.13728605 -0.97652167 -0.97948431
 -0.9755709   1.0466404   0.99119953  0.99584306  1.0005099  -1.00115005
  1.0035333   1.02082644  1.17399329  1.21543039 -0.96745834 -0.97956061
 -0.97673777  1.21153437  1.20598876 -0.97580059 -0.97115755  1.21669688
  1.21479957 -0.97141399  1.21462948 -0.97993236 -0.97331974 -0.97815078
  0.98689947  0.9813951   0.97411585 -1.09158803  0.97661506 -0.99703469
 -0.99180105  0.98793762 -0.99732249 -1.00325111  0.99482414 -0.98747778
  1.21265423  1.1134523   1.21236287 -0.98160111 -0.98193089 -0.96576059
  1.21436342  1.20938127  1.20498396 -0.96519472  1.21585838 -0.98004591
  1.20573198 -0.96755578  1.21606553  1.20166791  0.96718019  0.97785553
 -1.20776041 -1.20665591  0.96934631 -0.99684648 -0.99272283 -0.98979541
 -0.99748711 -0.99943865 -0.990446    0.99356321  0.99494722  0.97763055
 -0.97451192 -0.96978171 -0.96637552 -0.96601819  1.21254947  1.21535972
  1.20880052 -0.96895423 -0.98092922  1.20531171 -0.96661518 -0.97278838
  1.20922846  0.97931112 -1.20521051 -1.20692577  0.97527665  0.97386973
  0.97405061 -0.9961243  -0.99682372 -1.00363199 -1.00092591 -0.98945671
  0.99708199  0.99338554 -1.01263984  0.96760556  0.96926143  1.01342795
 -0.96995535 -0.96754384  1.0817553   1.21448065 -0.9787798  -0.9677713
  1.20661334  1.21512521  1.20383468  1.21546978 -0.98818896  0.96814658
 -1.20620353 -1.21070981 -1.21521348 -1.21468678 -1.17768936 -1.00829658
  0.99506674  0.99854969 -1.00454758  1.00448628  0.99713982  0.99284124
 -1.02008076  0.97367656 -1.20998771  0.9685969  -1.21353296 -1.21340241
 -1.21681603 -1.133486   -0.97877246 -0.97958811  1.20637325 -1.20777131
  0.97245777  1.03275909 -1.21329969  0.97971249 -1.20660798  0.96972588
  0.96818191  0.97673694  0.96557926 -1.00854534 -1.00340178 -0.99707012
  0.99598991 -0.99571778 -0.99177497 -0.99943976 -1.03835647 -1.14228794
  0.97416122 -1.21036524 -1.21262274 -1.20433    -1.20883156  0.98099753
 -1.14379008 -1.07060122 -1.21560054 -1.20940721 -1.21554363  0.98117633
 -1.20792244  0.97378994  0.96793231 -1.21139518  0.97939915 -1.20771036
  0.96591852  0.98297923  0.99166349  1.00050703 -0.99102848 -0.99734417
  0.99356876  1.2056759   0.96581981  0.98110429 -1.21001359 -1.20468391
  0.97832982 -1.21316474 -1.2152935  -1.20931874 -1.21705637  0.96593669
 -1.20663209  0.97197437  0.97616767 -1.20790692 -1.20647891 -1.21312357
  0.96555907  0.96995658 -1.20827905  0.97835413  0.97644224  0.97995903
  0.9988602  -1.00425619 -0.99629066 -0.98805961 -1.0018754   0.98639863
 -1.03083546 -1.14510708 -1.20680936  0.97540829  0.97909256 -1.20569541
 -1.21606707  0.96941395 -1.21382826  0.96535114 -1.21262858 -1.21011805
  0.97568001 -1.18494447  1.00905628 -1.17011273  1.03198381  1.18393419
  0.97969088 -0.99730187  0.98192949 -1.00835027  0.99097615  0.99321756
  0.99085753 -0.99446285 -0.99590728 -0.99178462  0.98290977  0.97201076
 -1.15968462  0.98147746 -1.207562    0.97641153 -1.20505192 -1.20537368
  0.97428223 -1.21573474 -1.20515713 -1.20619807  0.97582625 -1.05320481
  1.00315778  1.164403   -0.97254198 -0.97696107  1.01764618 -1.00978196
 -1.21192856 -1.00204511 -0.99125823  0.99109212  1.00071029 -0.99398907
 -0.99596991  1.00074038  0.98540139 -0.9940958   0.98016163 -1.10440569
  0.97344136  0.97539025 -1.21498964 -1.20696603  0.97846742 -1.21145892
 -1.21171983 -1.21642296 -1.21293539 -1.13252391 -1.10183502  0.99678605
 -0.97210035  0.97765546  0.99071589  0.97737211  0.98351002 -0.99107323
  0.98915666 -0.98981337 -0.99863485  0.99921146 -0.99366624 -0.99344415
 -0.99683664  1.00192244 -0.98355934  0.99405617 -0.99640394  0.9912277
  0.98973914 -1.0281073   0.96726316 -1.01514276 -1.00547663 -1.02872634
  0.97537375  0.96762305 -1.04536816 -1.01746105 -1.02161984  0.99019943
 -1.00444249 -0.9958083  -1.21044362 -0.99545142  0.98921983 -0.99010152
  0.99139403  1.00014434  1.00162353  1.00072703 -1.20258413 -1.00312777
 -0.99905057  0.99138797 -0.99097468  1.00349303 -0.9939066  -1.00088168
 -1.00018639 -0.99091213  1.00374228 -0.98937789  0.99319401 -1.00232971
  0.98888775  0.99941851 -0.99772084  0.99097486 -1.00131922 -0.99320269
  0.99889608  0.99103718 -0.99390209 -0.98890593]
expected w_2 is: 
[0.54226926 0.45773074]
when we regard k-deep nn as a zero-deep nn: 
expected gamma_ps are: 
[ 1.         -0.99118727 -1.00274222 -0.99521926  0.99799587  0.98736164
  0.99695384 -0.99853189  0.99014633 -1.02297915  0.99985032  0.9983251
 -0.99634573 -0.99234121 -0.98998651 -0.99838962 -0.98701528 -0.99244387
  0.98990553 -0.99500166 -0.99612718  0.98791284 -0.99933185  0.99692969
 -0.99773745  0.99400214  0.99415832 -0.99225916 -0.9987998  -0.98747771
  0.99257467  0.99906897  1.00101774 -0.98713585 -1.00094209  0.99256387
  1.00235742  1.00330193  0.99455212 -0.9930588   0.99906038  0.99120177
 -0.99698696  1.07524195  0.99140257 -0.99620249  0.99425752 -0.99105038
 -1.0000676   0.99423353 -0.99261063 -0.9908344  -0.99981942  0.99010128
  0.98985539  0.99128493  0.98982369  1.00235332  1.0635711   0.98941523
  0.99153319 -0.99331065  1.00081206  0.99758934 -0.99247316  0.99970005
  0.99040918 -0.99022525 -0.99461558 -0.97714123  1.0104139  -0.99897892
 -1.00341858 -1.01045408 -1.00603741  0.97555005  0.98676502  0.98916255
  0.99800211  0.99115826 -0.99360392 -0.98808253  0.99000088  0.99055648
 -0.9925392   1.00166615  0.98877411 -0.99895409 -0.99388001  0.99125311
  0.99854559 -0.9937505   0.98993917 -1.00634169 -1.0302913   0.97664685
 -1.01786407 -1.10155736  0.97485359  0.96734282  0.96545668 -1.14771713
 -1.11989162  0.9811847  -1.13172243 -1.00978812  0.97744285  0.97933601
  0.96782178  0.98327184  0.99648534  0.99969627  1.00275471 -1.20450606
  0.98754656 -1.00356558  0.9923411   1.00127365 -0.96859517 -0.97925533
  0.97400557  0.97688799  0.96779784  0.97449005 -1.20743905  0.9712473
  0.96558596  0.96859727 -1.20323681 -1.20775218 -1.21047858  0.97009232
  0.97221875 -1.21275692 -1.21064102  0.97707496  0.9752743  -1.11307019
  0.97159079 -1.00028995  0.99796385 -0.9964174   0.99520171 -0.99667943
  0.99780728  1.00910111  1.05916857 -0.96508012 -1.20436505 -1.20729992
  0.96686669 -1.20804454  0.97528906  0.9654261   0.97064621 -1.21356616
  0.97404763 -1.21663642 -1.2133656   0.97995498  0.97069661  0.98045453
  0.97590099  0.97099278  0.97234138  0.97989724  1.12205389 -1.0016396
  0.98984907 -0.98689907 -0.99163215  0.99094702  1.00907444 -1.01476172
  0.98194236 -1.01296244  0.97106435  0.97785361  0.96905618 -1.20752345
 -1.21173562  0.97187905 -1.20519112  0.9711898  -1.20521226  0.97492612
  0.97883211 -1.20929014  0.9644503   0.96623502 -1.21274937  0.97754492
  0.96640779 -1.21003207  0.97548921  0.98142069 -0.99385179  0.99303158
  0.98884603  0.99801653 -0.97154615  0.96794242 -1.11898661 -1.18496726
  0.969263   -1.20663645  0.98117523 -1.21343716  0.9649667  -1.20835341
  0.97333449  0.9662665  -1.21626504  0.9799337  -1.21506789  0.97833758
 -1.20481453 -1.20685083  0.96604694 -1.21493441 -1.21639733 -1.20395839
 -1.15126912  0.99298731 -0.98689765  0.99670181 -0.99100967 -0.97666915
  1.10545492  0.97802385  0.96798051 -1.21349359 -1.20650244  0.96803557
 -1.21344468  0.98122294 -1.21391883 -1.20784586  0.96943437  0.97560499
 -1.20429557 -1.21600721  0.98065855 -0.97228785 -0.9769961   0.96735115
 -1.20548427 -1.21218726 -1.20598933  0.97929627  0.96732858 -1.02255003
  0.99995547  0.99005474  0.99460735 -0.98346332 -0.98094344 -1.16413062
  0.96956666 -1.20899049 -1.21463959  0.97179482 -1.2044884   0.97415019
  0.97908757 -1.21075509  0.9731769  -1.21349616  0.97390736  1.20501348
 -0.974794   -0.96765874  1.2136167   0.97161752 -1.2105968  -1.2040644
  0.97917437  0.97785191  0.96828563 -1.02591997 -0.99957953 -0.98701655
  0.99007573  1.01470681  0.9670527   0.97251858 -1.21636302 -1.21543859
  0.97308129  0.96530868 -0.98266444 -0.97768988 -1.20817824  0.97562258
 -1.20444376  0.97162098  0.97596291  1.2134      1.2063301  -0.97454251
  1.20415975  0.9654552   0.97578689  0.96551629  0.9649001  -1.20491169
  0.97076681 -1.00685183  0.99347858  0.99105223  0.99330982 -0.98004037
  0.97601167  0.97558695  0.98085764  0.96881026 -1.20478866  1.2121232
 -0.96905502  0.96974109  0.98081109  0.97633191  0.97066456  0.97521538
  1.21668304  1.21371596  1.21131933  1.20384721  1.20999469 -0.97124926
 -1.20445943  0.97114203  0.97625537 -1.20973752 -1.12436478 -1.0026738
  0.99403699 -1.00129234  0.99825786 -0.97999085 -1.06536949  0.97738751
  0.97742363  0.96660828 -0.96817878 -0.97037549 -0.9663354   0.9770489
 -1.21094661 -1.21394555  0.9781506   0.97671686 -0.98051329  1.20772483
  1.20644526 -0.97868682  1.20316448 -0.96554308  1.21263269  0.96889059
  0.96769311  0.9657309  -1.00987693  0.98728304  0.98910007  0.99682112
 -0.98357344 -0.98352694  0.96600343  0.97957312  0.97812001  1.14083499
  1.21001182  1.20375257 -0.97214021  0.97834005 -1.21461494  0.97043758
  0.97343453  1.21263973 -0.97596038 -0.97803537  1.21480899 -0.97392521
  1.21492494 -0.96861514  1.2157111  -0.97120856 -0.96756161 -0.97628328
  1.01307446  0.98745531 -0.99437395  0.994527    1.00201573  1.03993249
 -0.97223761  0.97090363 -0.97590472 -0.96508951 -0.96635963  1.21434848
 -0.96545626  1.21406523 -0.98142957 -0.97184255 -0.97202524  1.2132682
  1.21177391  1.21077276 -0.96429551 -0.96532261 -0.96975365 -0.96853364
 -0.97510254  1.20558351 -0.96835225  1.13864943 -1.20669654  0.99336567
 -0.9947975   0.99097322 -0.99749567 -0.97987468  1.11980757 -0.97010082
  1.21473019  1.21627978 -0.98000514  1.20707618 -0.96795849  1.21604766
 -0.96471091  1.21537035 -0.97525763  1.21570246 -0.97324459 -0.96471279
  1.20567755  1.20391545 -0.97439633  1.21538065 -0.98108904 -0.9645786
 -0.96473252 -0.96898227  1.00079488 -0.99651678 -0.98732448 -0.99055635
  0.9922451   1.00204318  1.06827041 -0.97415512  1.21474079  1.21175277
  1.21228511  1.2071427   1.20822628  1.21293389  1.20619866 -0.96494514
 -0.96793758  1.20485983  1.20590286  1.20696829  1.21435147  0.9677238
 -1.20326968  0.97281239 -1.21310665  1.09583308  0.96729832  1.04519497
  1.01633441 -0.99019679 -0.99132599 -0.99995122  0.99911293  0.97940887
 -1.05208586  0.97145678  0.96492704  0.97463058  1.20678204 -0.9793426
 -0.97073235  1.2046827  -0.98027318  1.21520224 -0.96488242 -0.97023083
  1.20657227 -0.97538752 -1.20322668 -1.20333126  0.9649326  -1.20715072
 -1.21207543 -1.21140255  0.96859557  1.00859593  1.0061185   0.98915856
 -0.98871483 -0.98938724  0.99506647  1.00595547 -1.2061343  -1.2154005
  0.96507593 -1.21413702  0.96895608 -1.21293175 -1.08144617 -0.96838319
  1.20664672  1.21024033 -0.96493191  1.20763749  1.1838914   0.97874719
 -1.20837879  0.97857031  0.97051115 -1.21135958 -1.20729254  0.97776835
 -1.20395293 -1.20496824 -0.99799454  0.99502163  0.99037965 -1.00347603
 -1.01124177 -1.00921232  0.97439222 -1.21039418 -1.210585   -1.20594544
 -1.213133   -1.21124765  0.9801302   0.9797932  -0.96518516 -0.96406088
  1.20491363 -1.21627764  0.97854191 -1.20935252 -1.20343083 -1.20572136
  0.97319946 -1.21629239  0.97622487  0.98075077  0.98107829 -0.9985071
 -0.99693111 -0.99574907 -0.99874482 -0.98986009  0.98635444  0.9718543
  0.96444474  0.96487826 -1.20572569  0.97675608 -1.21543201  0.97299559
  0.97697585  0.96802439  0.99539589 -0.96660331  0.96772926 -1.20931836
  0.96494627 -1.20672435  0.97598235  0.96482466  0.97649474  0.97895427
  0.97836393 -1.21204277 -1.11958107 -1.00041464  0.98897308 -0.99350574
 -0.99839297  0.9907886  -0.99082695 -1.02868107  0.9811616   0.9691982
  0.96835186 -1.21027235 -1.20700345 -1.20378186  0.97380246  0.98025581
  0.96954567 -1.20636011  0.96574305  0.96607615 -1.20678093  0.96907565
 -1.20524864  0.97617369 -1.20695233  0.96536998 -1.21191125 -1.2125277
 -1.00994564  0.9892209   1.12330082 -0.99132623  0.98818524 -0.99714043
 -0.99629965 -1.01358544 -1.20006059  0.97657795 -1.21141651 -1.21526288
 -1.2123903  -1.21260465 -1.21320442 -1.20837922  0.96866126  0.97915222
  0.96440313  0.97944239 -1.20561709  0.96765677 -1.21001484 -1.21632436
  0.9645028  -1.20384919  0.96568439  0.97127607 -1.00179629 -1.00008046
 -1.00485234  0.99029964  0.99171937 -0.98905033  0.99477315  0.97400648
  0.979136    0.96866044 -1.20434939  0.96956819  0.98017554 -1.20582058
 -1.21119273 -1.2042566   0.97041633  0.97158788  0.97789332 -1.2038113
  0.97167675 -1.20755976  0.98094104 -1.20598672 -1.13885097 -1.03170155
 -1.00397467 -0.99648542  0.98728565 -1.00089293  0.98810156  0.99556613
  1.00135506  1.00314244  0.9916239  -1.00121389 -1.02039453 -1.08489707
  0.97716614  0.97019127  0.97232616 -1.21294727  0.97491512  0.96434758
  0.96723416 -1.20804872  0.97278617  0.97656007  0.97882144  0.96833313
  1.20928055  1.21408115 -0.97475229 -0.97211761 -0.97421415 -0.99766988
  0.98085591  0.99364616  0.98984426  0.992988    1.0015883  -0.99920476
  1.00301757  0.98685126  0.97812957  0.99148369 -0.98584052 -1.04108308
 -1.06669281  0.97187266 -1.04741513  0.97432102  0.97814236 -1.21627634
  0.96905489  0.96737881 -0.97013546  0.96895185  0.98873323 -0.97152209
  1.06040143  0.98123919  1.19292401 -0.99814044 -1.01350363  1.00039482
  0.98711926  0.99457759  1.00316005  0.99199925 -1.21260129 -1.00123102
 -0.99500841  1.01819644 -0.97446317  0.99109598  1.00753415 -0.98648559
  0.97091796 -1.07534746  0.97850708 -1.07366288 -1.04008712 -1.01004265
 -1.0365473  -1.06329295  0.97616514 -1.03331545  0.9808983  -1.01294444
  0.99400661 -0.98670588  0.99601775 -0.99134715  0.99894849 -0.99269324
 -0.99426467  0.99257863  0.99342554  0.99735582 -0.99852958 -0.99174909
  1.00161713 -0.99505185 -1.01591     0.99358811  0.98868447 -0.99304684
 -0.99104052 -0.98987149 -0.99206258  0.9928722   0.99589379 -1.00184475
 -1.0026453  -0.9917308  -0.99829357 -0.99540456  0.99042846  1.20871626
 -0.99124438  0.9902483  -0.98689446  0.9890059 ]
[ 1.         -1.00156405  0.99412031 -1.00058215 -0.99403867  0.98986523
 -0.99660352 -1.00185277  0.9919507  -0.99394073 -0.9937874  -1.00198341
 -0.98929187 -1.21286471  0.99959952  1.00031592 -0.98828131 -0.99734872
  0.9957434  -0.99336811 -0.99849893 -1.00202055 -1.00054852  0.99040223
  1.21116164  1.00037     1.00330515 -0.99045621  0.99598167 -0.99389894
 -1.00348992  1.00356889  0.99300595 -0.99398238  1.19191172 -0.99285163
 -0.99245879 -0.99725636 -0.99758919  0.99157793 -1.00221    -1.00346407
  0.99810479  0.99142618 -1.00442026  1.00155775  0.99046172 -0.99113193
 -0.99797694 -0.99444607  0.99142858  1.00147878 -0.98832104 -0.99627556
  0.99413079 -0.99144288 -1.00302648  1.00084333  0.9926166  -1.00316029
 -1.00113229  1.002176   -0.99681638 -1.00404695 -0.9962537   0.99155202
  0.9909097  -0.99114126 -0.98786906  1.00819838  1.01618862 -0.98922494
 -0.97703054 -0.9820125  -0.99438439  0.99203942  0.994586   -0.99011205
 -0.9890318   1.00129435 -0.99985958 -0.99098871  0.98935621  0.99006303
 -0.98921118  0.99810543 -0.99339784  1.20362298 -1.00106377 -0.99119351
  0.99853147 -0.98040114  1.00003034 -0.99771823  1.00351326  1.02099824
 -0.97824609  1.01674935 -0.97796987 -0.99272291  1.02226866  1.06134964
  1.04727602  1.02690245 -0.96712627 -0.97821851  1.00975566  1.0096019
  0.99505455 -1.00403208  0.98998035  1.00118824  0.99470725  1.00250324
 -0.99832462 -0.99257286 -0.99170775 -0.98297842  1.02466758 -0.97958384
 -0.97938282 -0.97166321 -0.98020327 -0.97678617  1.21594345 -0.98012758
  0.9746709   0.96756899  0.99991583  1.1944199  -0.97162356  1.14522115
 -0.97208646 -0.98091575 -0.97983935 -0.97253176 -0.99897424 -0.99196905
 -0.98657306  1.00128078  1.00318605 -0.99391606  0.99107403 -0.99107555
  0.99153889  1.01184901 -0.97742945 -0.97767712  1.18538161 -0.97033437
  1.20880806 -0.96923576 -0.96878273  0.96698104  0.96594076 -1.21453232
 -1.21347409 -1.15319618  0.98056666  0.97949554 -1.13430377 -1.20427013
 -1.21770315 -1.20584294 -1.19344425  0.98247211 -1.02908134 -0.99333607
  0.99456366 -0.99390372 -0.991141    0.99356508 -0.99888898 -0.97064416
  1.12024188 -0.97987657  1.05938479  1.03551749 -0.96844731 -0.97124694
  0.97193256 -1.20929136  0.97333681 -1.21264975  0.98147192  0.97751911
 -1.20784572  0.97018586  0.97477392 -1.21588593  0.97285014  0.97292292
  0.97105098 -1.20726544  0.97649579  0.98543833 -0.99733304 -1.00289882
 -0.99229911  0.9982951  -0.9785247   0.98951599  1.00688646  1.04150094
  0.96911477  1.02268757 -1.09692515 -1.21244098  0.96554492  0.96529396
 -1.20982139  0.97647525  0.96707035  0.9751905   0.97540784  0.97995962
 -1.21726738  0.97354895  0.97526851 -1.21416837  0.96606523 -1.21372289
  0.96743315 -1.00275934  1.00145333 -1.21319697  0.99154289 -0.98185772
  1.0432889  -1.01393203  0.9705564  -1.02347141  0.97324157  0.96736351
  0.97669704  0.9799337  -1.21292868 -1.20714777  0.98134668 -1.20532115
 -1.21202931  0.96769888  0.9789969   0.9711183   0.97232133  0.96804854
  0.96645784  0.97173484  0.98013572  0.9732368  -1.11744889 -0.99937952
  1.00042267 -1.00020284  1.0030056  -0.98371363  1.02826457 -1.0398662
  0.97406558 -1.1798534  -1.21253295  0.97773127  1.10777889  0.97069574
  0.97712799 -1.21557241  0.96629873 -1.21602929 -1.2061609   1.21236068
  1.20834758 -0.98080061 -0.97299284 -0.98019926  1.20437276 -1.07346355
 -1.20932952 -1.2101829  -1.04764327  0.97721963  0.9947715  -0.99102657
  1.00127483 -0.97765824 -0.99281866 -1.05385424  0.97208905  0.96834632
 -1.20657482  1.02847563 -0.9783403   1.20761088  0.98275865 -1.20987032
  0.9785853  -1.2077724  -0.97027659  1.21573298 -0.98195431 -0.97744134
 -0.98114484  1.20529993 -0.97497084  0.97426479 -1.21464493  0.96850168
 -1.02608256  0.99280641 -1.0019088   1.00283409 -1.20330808 -0.9858907
  1.019317   -1.12100126  0.97330706  0.98022557  0.96773459 -0.97838744
  1.21071992 -0.98245133  0.97866953 -1.20947032 -1.2166965  -1.20814266
 -0.97645976 -0.97498368  1.21803258 -0.98080531  1.21283317  1.20673848
  1.20723272  0.98205877  0.97683668 -1.090196    0.96701195  0.99686925
 -0.99362655 -0.99086994  1.00343526 -0.99671336 -0.98512752  0.98038555
 -1.20492033  0.96875761  1.20756124  1.20879941 -0.97101375 -1.21051695
  0.96585725 -1.21748535  0.96928935 -1.17431923 -0.96954936  1.21361933
  1.21501376  1.21390771  1.20872964 -0.96891041  1.19790691 -1.04637771
  0.96939543 -1.01962178 -0.99823033  0.99643669 -0.98926414 -0.98852255
 -1.00046915  1.00756642 -0.97199458 -1.2119587   0.97029237  1.21078806
 -0.97211715  1.20461247  1.20589938  0.96630343 -1.21615589 -1.21455021
  0.97218976 -0.96715381 -0.96991952  1.21650472  1.20620009 -0.97010947
  1.21744064 -0.9703948   1.21457771 -0.97163668 -0.97879457 -0.9765139
 -1.20285298  0.99544391  0.99108367 -1.20512129  0.99485789  1.03275961
 -0.97982162  0.97287505  1.20560635 -0.96574298 -0.97751336 -0.97020063
  1.21118478  1.21771298 -0.96868862  1.20468604  1.21652235 -0.97403829
 -0.97680257 -0.98154149  1.21222919 -0.97635265 -0.96950514 -0.97863418
  1.21326589 -0.96536196  1.12997188 -0.97257189 -0.98694873  0.99863555
 -0.992156   -0.99264712  1.2035378  -0.96852193 -0.96934539  1.20508657
  1.2140263   1.21190409  1.2048969   1.21164926 -0.96964137 -0.97897042
 -0.96729587 -0.97314461 -0.97775934  1.21782508 -0.97639094 -0.98172117
 -0.98143644 -0.98169952  1.20820098  1.13728605 -0.97652167 -0.97948431
 -0.9755709   1.0466404   0.99119953  0.99584306  1.0005099  -1.00115005
  1.0035333   1.02082644  1.17399329  1.21543039 -0.96745834 -0.97956061
 -0.97673777  1.21153437  1.20598876 -0.97580059 -0.97115755  1.21669688
  1.21479957 -0.97141399  1.21462948 -0.97993236 -0.97331974 -0.97815078
  0.98689947  0.9813951   0.97411585 -1.09158803  0.97661506 -0.99703469
 -0.99180105  0.98793762 -0.99732249 -1.00325111  0.99482414 -0.98747778
  1.21265423  1.1134523   1.21236287 -0.98160111 -0.98193089 -0.96576059
  1.21436342  1.20938127  1.20498396 -0.96519472  1.21585838 -0.98004591
  1.20573198 -0.96755578  1.21606553  1.20166791  0.96718019  0.97785553
 -1.20776041 -1.20665591  0.96934631 -0.99684648 -0.99272283 -0.98979541
 -0.99748711 -0.99943865 -0.990446    0.99356321  0.99494722  0.97763055
 -0.97451192 -0.96978171 -0.96637552 -0.96601819  1.21254947  1.21535972
  1.20880052 -0.96895423 -0.98092922  1.20531171 -0.96661518 -0.97278838
  1.20922846  0.97931112 -1.20521051 -1.20692577  0.97527665  0.97386973
  0.97405061 -0.9961243  -0.99682372 -1.00363199 -1.00092591 -0.98945671
  0.99708199  0.99338554 -1.01263984  0.96760556  0.96926143  1.01342795
 -0.96995535 -0.96754384  1.0817553   1.21448065 -0.9787798  -0.9677713
  1.20661334  1.21512521  1.20383468  1.21546978 -0.98818896  0.96814658
 -1.20620353 -1.21070981 -1.21521348 -1.21468678 -1.17768936 -1.00829658
  0.99506674  0.99854969 -1.00454758  1.00448628  0.99713982  0.99284124
 -1.02008076  0.97367656 -1.20998771  0.9685969  -1.21353296 -1.21340241
 -1.21681603 -1.133486   -0.97877246 -0.97958811  1.20637325 -1.20777131
  0.97245777  1.03275909 -1.21329969  0.97971249 -1.20660798  0.96972588
  0.96818191  0.97673694  0.96557926 -1.00854534 -1.00340178 -0.99707012
  0.99598991 -0.99571778 -0.99177497 -0.99943976 -1.03835647 -1.14228794
  0.97416122 -1.21036524 -1.21262274 -1.20433    -1.20883156  0.98099753
 -1.14379008 -1.07060122 -1.21560054 -1.20940721 -1.21554363  0.98117633
 -1.20792244  0.97378994  0.96793231 -1.21139518  0.97939915 -1.20771036
  0.96591852  0.98297923  0.99166349  1.00050703 -0.99102848 -0.99734417
  0.99356876  1.2056759   0.96581981  0.98110429 -1.21001359 -1.20468391
  0.97832982 -1.21316474 -1.2152935  -1.20931874 -1.21705637  0.96593669
 -1.20663209  0.97197437  0.97616767 -1.20790692 -1.20647891 -1.21312357
  0.96555907  0.96995658 -1.20827905  0.97835413  0.97644224  0.97995903
  0.9988602  -1.00425619 -0.99629066 -0.98805961 -1.0018754   0.98639863
 -1.03083546 -1.14510708 -1.20680936  0.97540829  0.97909256 -1.20569541
 -1.21606707  0.96941395 -1.21382826  0.96535114 -1.21262858 -1.21011805
  0.97568001 -1.18494447  1.00905628 -1.17011273  1.03198381  1.18393419
  0.97969088 -0.99730187  0.98192949 -1.00835027  0.99097615  0.99321756
  0.99085753 -0.99446285 -0.99590728 -0.99178462  0.98290977  0.97201076
 -1.15968462  0.98147746 -1.207562    0.97641153 -1.20505192 -1.20537368
  0.97428223 -1.21573474 -1.20515713 -1.20619807  0.97582625 -1.05320481
  1.00315778  1.164403   -0.97254198 -0.97696107  1.01764618 -1.00978196
 -1.21192856 -1.00204511 -0.99125823  0.99109212  1.00071029 -0.99398907
 -0.99596991  1.00074038  0.98540139 -0.9940958   0.98016163 -1.10440569
  0.97344136  0.97539025 -1.21498964 -1.20696603  0.97846742 -1.21145892
 -1.21171983 -1.21642296 -1.21293539 -1.13252391 -1.10183502  0.99678605
 -0.97210035  0.97765546  0.99071589  0.97737211  0.98351002 -0.99107323
  0.98915666 -0.98981337 -0.99863485  0.99921146 -0.99366624 -0.99344415
 -0.99683664  1.00192244 -0.98355934  0.99405617 -0.99640394  0.9912277
  0.98973914 -1.0281073   0.96726316 -1.01514276 -1.00547663 -1.02872634
  0.97537375  0.96762305 -1.04536816 -1.01746105 -1.02161984  0.99019943
 -1.00444249 -0.9958083  -1.21044362 -0.99545142  0.98921983 -0.99010152
  0.99139403  1.00014434  1.00162353  1.00072703 -1.20258413 -1.00312777
 -0.99905057  0.99138797 -0.99097468  1.00349303 -0.9939066  -1.00088168
 -1.00018639 -0.99091213  1.00374228 -0.98937789  0.99319401 -1.00232971
  0.98888775  0.99941851 -0.99772084  0.99097486 -1.00131922 -0.99320269
  0.99889608  0.99103718 -0.99390209 -0.98890593]
start step 1: collect decision boundary points
start step 2: recover $\gamma_P$s
3 different MAPs occur
corresponding \gamma_P are: 
boundary point: 0, \gamma_p is [[ 1.         -1.00156361  0.99411991 -1.00058173 -0.99403823  0.9898648
  -0.99660313 -1.00185236  0.99195027 -0.99394032 -0.99378695 -1.00198296
  -0.98929144 -1.21286419  0.99959908  1.00031548 -0.98828087 -0.99734831
   0.99574296 -0.99336769 -0.99849851 -1.00202014 -1.00054808  0.99040178
   1.21116113  1.00036958  1.00330475 -0.99045581  0.99598123 -0.99389848
  -1.0034895   1.00356849  0.99300553 -0.99398194  1.19191118 -0.99285123
  -0.99245834 -0.9972559  -0.9975888   0.99157749 -1.0022096  -1.00346364
   0.9981044   0.99142578 -1.00441985  1.00155734  0.9904613  -0.9911315
  -0.99797648 -0.99444568  0.99142814  1.00147837 -0.9883206  -0.99627515
   0.99413033 -0.99144244 -1.00302608  1.00084287  0.99261618 -1.00315983
  -1.00113186  1.00217555 -0.99681592 -1.0040465  -0.99625326  0.99155159
   0.99090926 -0.99114086 -0.98786866  1.00819795  1.0161882  -0.98922451
  -0.97703013 -0.98201209 -0.99438394  0.99203899  0.99458557 -0.9901116
  -0.98903138  1.00129393 -0.99985913 -0.99098828  0.98935582  0.9900626
  -0.98921077  0.99810498 -0.99339741  1.20362249 -1.00106332 -0.99119311
   0.99853108 -0.98040072  1.00002995 -0.99771778  1.0035128   1.02099781
  -0.97824566  1.01674894 -0.97796945 -0.9927225   1.02226824  1.06134918
   1.04727555  1.02690203 -0.96712589 -0.97821808  1.00975523  1.00960147
   0.99505413 -1.00403161  0.98997995  1.0011878   0.99470679  1.00250282
  -0.99832422 -0.99257245 -0.99170735 -0.98297803  1.02466717 -0.97958344
  -0.9793824  -0.97166282 -0.98020285 -0.97678578  1.21594295 -0.98012714
   0.97467047  0.96756858  0.99991543  1.19441935 -0.97162312  1.14522071
  -0.97208602 -0.98091537 -0.97983891 -0.97253134 -0.99897381 -0.9919686
  -0.98657268  1.00128036  1.00318561 -0.99391566  0.99107361 -0.99107511
   0.9915385   1.01184857 -0.97742904 -0.9776767   1.18538113 -0.97033396
   1.20880758 -0.96923533 -0.9687823   0.96698061  0.96594034 -1.21453179
  -1.21347362 -1.15319568  0.98056622  0.97949513 -1.13430327 -1.20426962
  -1.21770265 -1.20584245 -1.19344369  0.98247168 -1.02908094 -0.99333567
   0.99456326 -0.9939033  -0.99114057  0.99356467 -0.99888857 -0.97064378
   1.1202414  -0.97987614  1.05938437  1.03551703 -0.96844692 -0.9712465
   0.97193218 -1.20929088  0.97333641 -1.2126492   0.98147149  0.97751872
  -1.20784522  0.97018546  0.97477354 -1.2158854   0.97284973  0.97292252
   0.97105059 -1.20726497  0.97649534  0.98543791 -0.99733261 -1.00289843
  -0.9922987   0.99829471 -0.97852425  0.98951559  1.00688603  1.04150049
   0.96911436  1.02268714 -1.09692466 -1.21244049  0.96554451  0.96529353
  -1.20982089  0.97647481  0.96706995  0.97519005  0.97540744  0.97995921
  -1.21726683  0.97354856  0.97526811 -1.21416785  0.96606479 -1.21372234
   0.96743277 -1.00275889  1.0014529  -1.2131964   0.9915425  -0.98185733
   1.04328842 -1.0139316   0.97055597 -1.02347095  0.97324116  0.96736311
   0.97669665  0.97993329 -1.2129282  -1.20714727  0.98134625 -1.20532068
  -1.21202884  0.96769849  0.97899648  0.9711179   0.97232094  0.96804815
   0.96645744  0.9717344   0.98013532  0.9732364  -1.11744839 -0.99937906
   1.00042223 -1.00020243  1.00300514 -0.98371318  1.02826413 -1.03986578
   0.97406515 -1.17985293 -1.21253248  0.97773089  1.10777842  0.97069533
   0.97712759 -1.21557193  0.9662983  -1.21602881 -1.20616035  1.21236017
   1.20834708 -0.98080022 -0.97299243 -0.98019886  1.2043723  -1.07346308
  -1.20932898 -1.21018234 -1.04764285  0.97721923  0.99477109 -0.99102615
   1.00127438 -0.97765779 -0.99281824 -1.05385381  0.97208864  0.96834594
  -1.20657427  1.0284752  -0.97833987  1.20761036  0.98275824 -1.20986978
   0.97858486 -1.20777188 -0.97027621  1.21573246 -0.98195386 -0.97744093
  -0.98114442  1.20529943 -0.97497041  0.97426435 -1.21464439  0.96850124
  -1.02608209  0.99280597 -1.00190838  1.00283367 -1.20330751 -0.98589031
   1.01931655 -1.12100079  0.97330664  0.98022515  0.9677342  -0.97838702
   1.21071942 -0.98245089  0.97866911 -1.20946977 -1.21669602 -1.20814219
  -0.97645934 -0.97498327  1.21803201 -0.98080491  1.21283262  1.20673794
   1.20723221  0.98205833  0.97683625 -1.09019554  0.96701157  0.99686885
  -0.99362615 -0.99086954  1.00343485 -0.99671291 -0.98512712  0.98038513
  -1.20491987  0.96875717  1.2075607   1.20879886 -0.97101334 -1.21051639
   0.96585684 -1.21748486  0.96928892 -1.17431876 -0.96954896  1.21361881
   1.21501324  1.21390715  1.20872913 -0.96891002  1.19790644 -1.04637728
   0.96939503 -1.01962138 -0.99822989  0.99643629 -0.98926374 -0.98852212
  -1.00046869  1.00756601 -0.97199418 -1.2119582   0.97029197  1.21078758
  -0.97211676  1.20461192  1.20589884  0.96630299 -1.21615535 -1.21454972
   0.97218937 -0.96715338 -0.96991912  1.21650422  1.20619962 -0.97010904
   1.21744011 -0.97039439  1.21457719 -0.9716363  -0.97879415 -0.97651345
  -1.20285246  0.99544345  0.99108325 -1.20512082  0.99485749  1.03275914
  -0.97982123  0.97287465  1.20560583 -0.96574255 -0.97751295 -0.97020018
   1.21118429  1.21771247 -0.96868821  1.20468551  1.21652177 -0.97403788
  -0.97680216 -0.98154109  1.21222865 -0.97635223 -0.96950471 -0.97863378
   1.21326537 -0.96536153  1.12997143 -0.97257146 -0.9869483   0.99863512
  -0.99215557 -0.99264672  1.20353733 -0.96852151 -0.96934498  1.20508606
   1.21402574  1.21190359  1.20489642  1.21164877 -0.96964096 -0.97896998
  -0.96729544 -0.9731442  -0.97775892  1.21782457 -0.97639052 -0.98172078
  -0.98143602 -0.98169911  1.2082005   1.13728554 -0.97652122 -0.97948389
  -0.97557049  1.04663992  0.99119912  0.9958426   1.00050947 -1.00114966
   1.00353288  1.02082597  1.17399275  1.21542992 -0.9674579  -0.97956019
  -0.97673733  1.21153385  1.20598826 -0.97580017 -0.97115715  1.21669635
   1.2147991  -0.97141359  1.21462893 -0.97993196 -0.97331932 -0.97815034
   0.98689904  0.98139467  0.97411541 -1.0915876   0.97661462 -0.99703424
  -0.9918006   0.98793718 -0.99732204 -1.00325071  0.99482372 -0.98747736
   1.21265369  1.1134518   1.21236231 -0.98160067 -0.9819305  -0.9657602
   1.21436289  1.2093808   1.20498347 -0.96519428  1.21585787 -0.98004551
   1.20573148 -0.96755536  1.21606507  1.20166742  0.96717979  0.97785513
  -1.20775988 -1.20665541  0.96934587 -0.99684607 -0.99272243 -0.98979501
  -0.99748671 -0.99943822 -0.9904456   0.9935628   0.9949468   0.97763011
  -0.97451152 -0.96978129 -0.96637508 -0.9660178   1.21254896  1.2153592
   1.20880003 -0.9689538  -0.98092881  1.20531116 -0.96661479 -0.97278796
   1.2092279   0.97931073 -1.20521001 -1.2069253   0.97527621  0.97386934
   0.97405017 -0.99612387 -0.9968233  -1.00363159 -1.00092545 -0.98945632
   0.99708154  0.99338513 -1.01263942  0.96760516  0.96926103  1.01342754
  -0.96995492 -0.96754344  1.08175486  1.21448017 -0.97877937 -0.96777086
   1.20661282  1.21512474  1.20383419  1.21546926 -0.98818857  0.96814614
  -1.20620301 -1.21070929 -1.21521295 -1.21468626 -1.1776889  -1.00829617
   0.9950663   0.99854929 -1.00454714  1.00448584  0.99713941  0.99284083
  -1.02008036  0.97367616 -1.20998716  0.96859646 -1.21353244 -1.21340184
  -1.21681549 -1.13348557 -0.97877205 -0.9795877   1.20637272 -1.20777081
   0.97245737  1.03275867 -1.21329922  0.97971206 -1.20660742  0.96972545
   0.96818147  0.9767365   0.96557883 -1.00854493 -1.00340137 -0.99706968
   0.99598946 -0.99571735 -0.99177454 -0.99943931 -1.03835605 -1.14228748
   0.97416077 -1.21036469 -1.21262224 -1.20432945 -1.20883108  0.98099715
  -1.14378957 -1.0706008  -1.21559999 -1.20940666 -1.21554312  0.98117594
  -1.20792197  0.9737895   0.96793191 -1.21139471  0.97939874 -1.20770979
   0.96591814  0.9829788   0.99166305  1.00050663 -0.99102808 -0.99734375
   0.99356833  1.20567542  0.96581938  0.98110387 -1.21001304 -1.2046834
   0.97832943 -1.21316417 -1.215293   -1.20931823 -1.21705588  0.96593626
  -1.20663157  0.97197397  0.97616722 -1.20790636 -1.20647841 -1.21312305
   0.96555869  0.96995616 -1.20827857  0.97835373  0.97644185  0.97995858
   0.99885975 -1.00425574 -0.99629024 -0.9880592  -1.001875    0.98639821
  -1.03083503 -1.14510659 -1.20680883  0.97540785  0.97909216 -1.20569488
  -1.21606657  0.96941356 -1.21382771  0.96535075 -1.21262802 -1.21011756
   0.97567957 -1.18494393  1.00905585 -1.17011219  1.03198336  1.1839337
   0.97969049 -0.99730142  0.98192909 -1.00834981  0.99097571  0.99321715
   0.99085711 -0.99446244 -0.99590682 -0.99178421  0.98290935  0.97201033
  -1.15968413  0.98147702 -1.20756145  0.97641112 -1.2050514  -1.20537321
   0.97428183 -1.21573418 -1.20515665 -1.2061975   0.9758258  -1.05320436
   1.00315734  1.1644025  -0.9725416  -0.97696068  1.01764571 -1.00978149
  -1.21192806 -1.00204469 -0.99125781  0.99109169  1.00070988 -0.99398862
  -0.99596947  1.00073997  0.98540096 -0.99409539  0.98016118 -1.10440522
   0.97344092  0.97538985 -1.21498918 -1.20696547  0.97846698 -1.21145845
  -1.21171928 -1.2164224  -1.21293484 -1.13252344 -1.10183458  0.99678563
  -0.97209991  0.97765501  0.99071547  0.9773717   0.9835096  -0.99107282
   0.98915623 -0.98981297 -0.99863439  0.99921101 -0.99366581 -0.99344373
  -0.99683624  1.00192204 -0.98355894  0.99405577 -0.9964035   0.99122728
   0.9897387  -1.02810683  0.96726276 -1.01514235 -1.00547621 -1.02872592
   0.97537331  0.96762267 -1.04536771 -1.01746061 -1.02161938  0.99019899
  -1.00444209 -0.99580789 -1.21044315 -0.99545102  0.98921938 -0.99010112
   0.99139359  1.00014391  1.0016231   1.00072664 -1.20258365 -1.00312732
  -0.99905012  0.99138759 -0.99097428  1.00349258 -0.99390617 -1.00088128
  -1.00018598 -0.99091169  1.00374183 -0.98937747  0.99319361 -1.00232925
   0.98888735  0.99941809 -0.99772038  0.99097442 -1.0013188  -0.99320229
   0.99889568  0.99103673 -0.99390165 -0.9889055 ]]
boundary point: 1, \gamma_p is [[ 1.00000000e+00 -9.95938144e-01 -8.87169437e-02 -9.97675117e-01
   8.61805145e-02  9.88508686e-01  8.44414400e-02 -1.00005302e+00
   9.90973278e-01 -1.00968847e+00  8.73011418e-02  8.27224934e-02
  -9.93118038e-01 -1.09328274e+00 -7.92919035e-02 -8.35207363e-02
  -9.87595862e-01 -9.94690020e-01  9.92578756e-01 -9.94254965e-01
  -9.97213860e-01  7.70592321e-02 -9.99889825e-01  9.93942904e-01
   1.33435839e-02  9.96917945e-01  9.98346193e-01 -9.91434929e-01
  -8.57270906e-02 -9.90417979e-01  7.89146270e-02  1.00112982e+00
   9.97351570e-01 -9.90270760e-01  2.79451388e-03  8.37782496e-02
   8.92688144e-02  8.75849945e-02  8.26878878e-02 -8.46296467e-02
   8.30174921e-02  7.81819783e-02 -8.37722214e-02  1.03687800e+00
   7.78531864e-02 -8.17663010e-02  9.92521126e-01 -9.91088757e-01
  -9.99111711e-01  8.39538327e-02 -8.44549788e-02 -7.88914961e-02
  -9.94557290e-01  8.08756226e-02  9.91813407e-01  8.37295464e-02
   7.76349835e-02  1.00166325e+00  1.03109418e+00  7.73522409e-02
   7.94290256e-02 -7.99151538e-02  8.64362059e-02  8.13789660e-02
  -9.94204691e-01  9.95971488e-01  9.90639352e-01 -9.90645636e-01
  -9.91528556e-01 -6.83903292e-02  1.01305823e+00 -9.94515261e-01
  -9.91341034e-01 -9.97436545e-01 -1.00070456e+00  9.83098826e-01
   9.90345970e-01  8.31878085e-02  8.84757006e-02  9.95798948e-01
  -9.96468368e-01 -9.89413867e-01  9.89706841e-01  9.90331698e-01
  -9.91016937e-01  1.00003737e+00  8.14731596e-02  9.23315848e-03
  -9.97169291e-01  8.38264385e-02  9.98540219e-01 -9.87641140e-01
   9.94559305e-01 -1.00239556e+00 -9.93565372e-02  9.96948895e-01
  -9.99730760e-01 -1.31943399e-01  8.09863427e-02  7.01605520e-02
   9.91462322e-01 -1.36559501e-01 -1.27912505e-01  1.00211219e+00
  -1.05638283e+00 -9.95338775e-01  9.92234507e-01  9.93190738e-01
   9.80288141e-01  7.36218193e-02  9.93508862e-01  1.00038028e+00
   9.99072202e-01 -1.94290262e-01  7.85523527e-02 -9.98534923e-01
   8.41810372e-02  9.30205760e-02 -5.62175900e-02 -9.79406761e-01
   7.98797362e-02  8.49762913e-02  7.61379265e-02  8.13310239e-02
  -9.81824850e-02  7.80431107e-02  9.69745434e-01  9.68127662e-01
  -1.94786324e-01 -1.08204283e-01 -1.10114848e+00  1.05025526e+00
   8.22505677e-02 -1.10663724e+00 -1.10499721e+00  8.46801198e-02
   7.16001267e-02 -1.05763961e+00  7.52790776e-02 -8.41095822e-02
   1.00035531e+00 -9.95273544e-01  9.93313412e-01 -9.94115448e-01
   9.94939092e-01  1.01035999e+00  1.26955181e-01 -9.70847209e-01
  -1.10504657e-01 -1.09883468e+00  1.07761182e+00 -1.09873559e+00
   8.54277244e-02  9.66138880e-01  9.68493396e-01 -1.21400966e+00
  -2.72483405e-02 -1.18759911e+00 -2.09135583e-01  9.79745727e-01
   7.17322662e-03 -1.95611294e-02 -2.81790959e-02 -2.54118749e-02
  -1.90053015e-02  9.81076907e-01  1.37413311e-01 -9.97839904e-01
   9.92008124e-01 -9.90106396e-01 -9.91408397e-01  9.92146477e-01
   8.99679512e-02 -9.94568805e-01  1.04524742e+00 -9.97819112e-01
   1.01149239e+00  1.00424921e+00  8.22013589e-02 -1.09937357e+00
  -2.12203789e-01 -2.65097286e-02 -2.08012138e-01 -2.84207293e-02
  -2.04299908e-01  9.76114043e-01 -2.20775802e-02 -2.11677199e-01
   9.69176757e-01 -3.25888601e-02 -2.12333512e-01  9.75430352e-01
   9.68534141e-01 -1.20876697e+00  9.75951017e-01  9.83260731e-01
  -9.95446334e-01  7.94329616e-02  8.20150823e-02  9.98145138e-01
  -9.74741465e-01  9.77818324e-01 -1.45909307e-01 -1.65844495e-01
   9.69196167e-01 -1.86206511e-01  2.99648333e-02 -1.21298247e+00
   9.65232380e-01 -2.13408416e-01 -2.59631006e-02  9.70940416e-01
  -2.16885540e-01  9.77763647e-01 -2.12420031e-01  9.79081072e-01
  -1.21051586e+00 -2.08815044e-01  9.70268951e-01 -1.21458503e+00
  -2.17417356e-01 -1.20842921e+00 -1.81474152e-01  7.94727965e-02
  -7.67683645e-02 -1.48368180e-02 -8.35345008e-02 -9.79045154e-01
   1.07700078e+00  6.62444765e-02  9.69160628e-01 -1.12651576e+00
  -2.08766823e-01  9.67728951e-01 -2.10949710e-01  9.80633875e-01
  -1.21346687e+00 -1.20752760e+00  9.74888043e-01 -2.26719742e-02
  -1.20783683e+00 -2.16458031e-01  9.79898984e-01 -8.27311995e-02
  -8.47336773e-02  9.67671377e-01 -2.11319825e-01 -2.12539208e-01
  -2.05332907e-01  9.76523719e-01  1.30618552e-02 -1.01194527e+00
   1.00017040e+00  7.90527466e-02  9.98452590e-01 -9.83578930e-01
  -6.12672305e-02 -1.10725214e+00  9.71626962e-01 -1.19565483e+00
  -1.21367657e+00  9.74513181e-01 -1.46092732e-01  9.72570019e-01
   9.78191627e-01 -1.21296138e+00  9.70029612e-01 -1.21465695e+00
  -2.39769302e-02  1.20837779e+00  2.44970445e-02 -9.73675190e-01
   2.12738520e-01  7.82110625e-02 -1.05191102e-01 -1.14428562e+00
  -2.25711664e-02 -2.36789128e-02  4.55330430e-02 -1.09021509e-01
  -8.67038447e-02 -9.88853128e-01  9.95202989e-01  1.02740188e-01
   6.99593994e-02  4.49854935e-02 -2.14641456e-01 -2.15853334e-01
  -2.46143482e-02  9.94223175e-01 -9.80686214e-01  2.25894833e-02
  -2.05319288e-01 -2.47447362e-02 -2.05204468e-01 -2.59543961e-02
   8.51093480e-02  1.21446923e+00  2.04685275e-01 -9.75870426e-01
   2.03878874e-01  1.07524063e+00  8.28651967e-02  9.69521809e-01
  -3.27447001e-02 -2.10073799e-01  5.67475250e-02 -9.15468741e-02
   8.01285180e-02  9.96446189e-01 -1.21497348e-02 -9.82719310e-01
   9.95834952e-01  1.59140903e-02  9.77402557e-01  9.74036430e-01
  -2.10358208e-01  2.09459361e-01  2.86950121e-02  7.61626845e-02
   9.79831850e-01 -2.41769955e-02 -3.05578788e-02 -2.41747408e-02
   2.12814383e-01  2.11881073e-01  1.21439347e+00  2.03864809e-01
   1.21129520e+00  2.56827168e-02 -1.00553899e-01  9.76139971e-01
   9.76522470e-01 -1.15502094e+00 -1.67077532e-01 -8.74215722e-02
   8.42223720e-02 -9.96522773e-01  1.00062879e+00 -9.87646321e-01
  -1.02864138e+00  9.78760828e-01 -2.15023147e-02  9.67593100e-01
   2.77243427e-02  2.70998835e-02 -9.68477836e-01 -2.42672676e-02
  -2.14556795e-01 -1.21556709e+00  9.74095593e-01 -7.87849168e-03
  -9.75495777e-01  1.21042417e+00  1.21036863e+00  2.49311302e-02
   1.20571308e+00 -9.67085463e-01  1.20589355e+00  4.64403873e-02
   9.68473332e-01  5.69740058e-02 -1.00454700e+00  9.91473980e-01
   8.35420380e-02  8.80683847e-02 -9.91308215e-01 -7.21423741e-02
   7.89222468e-02 -2.35583926e-02  9.74538126e-01  1.17285596e+00
   2.11184529e-01  1.20414744e+00  2.48154983e-02  9.72831547e-01
  -1.21532159e+00 -2.96985366e-02  9.72865840e-01  2.14881446e-01
  -9.73196365e-01  2.64731238e-02  1.21086972e+00 -9.72179676e-01
   1.21607776e+00 -9.69430787e-01  1.21519361e+00 -9.71405558e-01
  -9.72704311e-01 -9.76389897e-01 -1.22365043e-03  9.91112986e-01
  -8.55690508e-02 -1.23196554e-02  9.98740417e-01  1.03665033e+00
  -9.75710114e-01  9.71807030e-01  2.26399820e-02 -9.65389674e-01
  -9.71466049e-01  2.14413423e-01  3.08592946e-02  1.21573623e+00
  -9.75598674e-01  2.44215209e-02  2.97403015e-02  2.12071007e-01
   2.09995397e-01  2.07283352e-01  3.19667874e-02 -9.70372462e-01
  -9.69640962e-01 -9.73157983e-01  2.65809943e-02  2.11875256e-01
  -7.88480017e-03  1.72278712e-01 -1.10611240e+00  9.95778891e-01
  -9.93589448e-01  8.30092972e-02  9.98502480e-03 -9.74679251e-01
   1.63538209e-01  2.55493475e-02  1.21440935e+00  1.21427823e+00
   2.00917139e-02  1.20917066e+00 -9.68729861e-01  2.11320631e-01
  -9.65895193e-01  2.13620006e-01 -9.76403770e-01  1.21667534e+00
  -9.74685818e-01 -9.72499068e-01  2.04568459e-01  2.03492501e-01
   2.46455841e-02  1.17963561e+00 -9.78999475e-01 -9.71402468e-01
  -9.69694598e-01 -4.63698549e-02  9.96403856e-01 -8.45525245e-02
  -7.74316561e-02 -9.95406465e-01  9.97413092e-01  1.01064194e+00
   1.11666424e+00  2.80855087e-02  2.15881394e-01  2.08721495e-01
   2.10302272e-01  1.20915417e+00  1.20720336e+00  2.11083055e-01
   2.09556008e-01  3.36595150e-02  3.11683476e-02  2.08712620e-01
   1.20989864e+00  2.05956851e-01  2.12987331e-01  7.70372662e-02
  -2.00762147e-01  9.76741979e-01 -2.11947900e-01  9.45832964e-02
   9.71563909e-01  1.10403792e-01  9.71491772e-02 -8.47439458e-02
  -9.94071875e-01 -1.00146276e+00  9.97150915e-01  7.91044647e-02
  -1.54447146e-02  1.03645364e+00  1.07818718e+00  7.92032816e-02
   2.04941066e-01 -9.73126769e-01  2.94531892e-02  1.20683469e+00
   1.99862155e-02  2.17167755e-01  3.33097249e-02 -9.74724528e-01
   1.20618893e+00 -9.71803731e-01 -9.58423624e-02 -1.02489314e-01
   9.65962400e-01 -2.07006408e-01 -1.21010157e+00 -1.20923119e+00
   9.68940278e-01  9.06433824e-02  9.11874713e-02  8.33305801e-02
  -9.92731251e-01 -9.93989126e-01  8.62364667e-02  1.00028425e+00
  -1.98631836e-01 -2.11582993e-01  7.72670251e-02 -1.10228924e+00
   8.30954006e-02 -1.09991298e+00 -3.14138721e-02  3.11831087e-02
   1.20763392e+00  2.12756211e-01 -9.72255394e-01  1.20657416e+00
   1.99538643e-01  8.54694568e-02 -1.01765739e-01  9.78910431e-01
  -2.53835709e-02 -1.20933142e+00 -2.08263744e-01  9.75984907e-01
  -2.07013976e-01 -1.10937515e+00 -9.97459709e-01  8.01765118e-02
   7.88979646e-02 -9.97060057e-01 -9.19703437e-02 -9.25618143e-02
   6.48666290e-02 -2.13456973e-01 -2.12802505e-01 -1.90070215e-01
  -1.10182433e+00 -1.09969807e+00  1.02664821e+00  1.08721800e+00
  -9.71408853e-01 -9.65760263e-01  1.20569298e+00 -1.03349922e-01
   1.08166649e+00 -9.94369146e-02 -1.10490917e+00 -2.10675400e-01
  -2.43803164e-02 -1.21373842e+00 -2.68638630e-02 -2.41685134e-02
  -7.05603656e-03 -1.00298911e+00 -8.51325458e-02 -8.28973089e-02
  -1.00140197e+00 -7.69865262e-02  9.91292270e-01  9.81461743e-01
   5.60664695e-02  9.68906535e-01 -1.20767785e+00  9.73022395e-01
  -1.21456410e+00 -2.77860151e-02 -2.71901681e-02  6.09848443e-03
   9.17584429e-02 -9.72547859e-01  1.07696508e+00 -1.20861157e+00
   9.68385578e-01 -1.81644130e-01 -2.61193708e-02  9.71640288e-01
  -2.27785152e-02  9.74731164e-01  9.73704369e-01 -2.10171238e-01
  -1.65139261e-01 -1.00413739e+00  7.70019384e-02 -9.95138353e-01
  -8.55027025e-02  8.15036459e-02 -9.91261956e-01 -1.01529751e+00
   5.67661524e-02  2.70608078e-03  9.71012032e-01 -1.21031619e+00
  -1.20957685e+00 -1.20403404e+00 -2.52562541e-02  9.80596373e-01
   2.20693310e-03 -1.14422037e+00 -3.27250059e-02 -2.97094939e-02
  -1.21079323e+00  9.74615525e-01 -1.20647386e+00  9.75083642e-01
  -2.11440997e-01 -3.10023824e-02 -2.08881338e-01 -1.21032397e+00
  -1.05531984e-01  9.86364937e-01  1.06304750e+00 -7.96030012e-02
   8.22383637e-02 -9.97234771e-01 -8.54757945e-02  2.23870448e-03
  -2.08670766e-01  9.78650851e-01 -1.21077563e+00 -1.21042183e+00
  -2.09630577e-01 -1.21286237e+00 -1.21416195e+00 -1.20881056e+00
  -3.18089261e-02  9.73104101e-01 -2.93464635e-02  9.76025107e-01
  -2.06947351e-01 -2.81656416e-02 -1.20839766e+00 -1.21486052e+00
   9.64987320e-01 -2.08831689e-01 -2.94055395e-02  9.74516981e-01
  -9.62958035e-02 -9.37556131e-02 -8.76916082e-02  7.73302025e-02
   8.17461499e-02 -9.88597921e-01  8.08458135e-02  9.79679801e-01
   5.91103363e-02  1.12406372e-03 -1.20547672e+00  9.72242396e-01
   9.79680848e-01 -1.20576459e+00 -1.21342519e+00 -2.09300985e-01
  -2.93796022e-02  9.68734163e-01 -2.47759226e-02 -1.20669938e+00
   9.73510220e-01 -1.19720929e+00  9.93811308e-01 -1.18956732e+00
  -1.45193310e-01 -1.75369753e-02 -9.59900689e-02 -9.96860171e-01
   9.84835016e-01 -1.00430748e+00  9.89418426e-01  9.94492161e-01
   9.96551097e-01  8.87771795e-02  8.18698675e-02 -9.96898927e-01
  -1.03420675e-01 -1.43387277e-01 -9.36145580e-04  9.75358360e-01
  -2.54756941e-02 -2.10810668e-01 -2.29228323e-02 -2.88005727e-02
   9.70461330e-01 -1.21156813e+00 -2.41254557e-02 -2.25554582e-02
   9.77451493e-01  4.30131164e-02  1.11493305e+00  1.19134325e+00
  -9.73741622e-01 -9.74335631e-01 -6.24785095e-02 -1.00321504e+00
  -2.28489804e-02  8.01570005e-02  8.30328349e-02  9.92121267e-01
   1.00118751e+00 -9.96818454e-01  8.80196432e-02  9.93209830e-01
   9.81459150e-01  8.26230064e-02 -8.59409869e-02 -1.07006892e+00
  -1.32860822e-01  9.73483810e-01 -1.12412035e+00 -2.41211451e-02
   9.78292169e-01 -1.21407261e+00 -2.91527730e-02 -3.22144300e-02
  -1.08127359e+00  7.04179696e-03  3.18159051e-02 -7.05670209e-02
   1.30063022e-01  9.79599849e-01  1.10036835e+00 -9.38877144e-02
  -9.94091950e-02  8.88387662e-02  9.88052880e-01  8.62609376e-02
   8.68770800e-02  9.95301581e-01 -1.11238920e+00 -9.97667803e-01
  -9.95846280e-01  1.01074845e+00 -9.78627785e-01  9.92452035e-01
   9.02701757e-02 -8.12255044e-02  9.79534012e-01 -1.05372534e+00
   9.73361436e-01 -1.04687757e+00 -1.02424596e+00 -1.01859586e+00
  -1.15629307e-01 -1.33680402e-01  5.08472570e-02 -1.02605950e+00
   6.42842538e-02 -9.60440125e-02  7.92551037e-02 -9.90873398e-01
  -1.39474644e-02 -9.93226841e-01  9.94496479e-01 -9.91508027e-01
  -8.53677332e-02  9.96042729e-01  9.97179058e-01  9.98899966e-01
  -1.09193276e+00 -9.96958513e-01  8.58501075e-02 -8.57973659e-02
  -1.00449744e+00  9.98122956e-01  8.11916749e-02 -9.96634129e-01
  -9.95227924e-01 -9.90348896e-01 -7.85214265e-02  8.55354864e-02
   9.94659065e-01 -1.00206777e+00 -9.10594973e-02 -8.03206317e-02
  -9.98032501e-01 -8.61777273e-02  7.87444016e-02  2.00830482e-01
  -8.02959933e-02  9.90610435e-01 -9.90103115e-01  8.36549433e-02]]
boundary point: 6, \gamma_p is [[ 1.         -0.99118725 -1.00274214 -0.9952192   0.99799583  0.98736159
   0.99695381 -0.99853188  0.99014627 -1.02297914  0.99985025  0.99832509
  -0.99634571 -0.99234118 -0.98998644 -0.99838956 -0.98701521 -0.99244379
   0.98990551 -0.99500161 -0.99612712  0.98791283 -0.99933183  0.99692966
  -0.9977374   0.99400207  0.99415831 -0.99225915 -0.99879979 -0.98747765
   0.9925746   0.99906893  1.00101767 -0.98713579 -1.00094208  0.99256385
   1.0023574   1.0033019   0.99455211 -0.99305877  0.99906036  0.99120169
  -0.99698693  1.07524189  0.99140253 -0.99620243  0.99425748 -0.99105031
  -1.00006757  0.99423346 -0.99261058 -0.99083439 -0.99981934  0.99010126
   0.98985532  0.99128491  0.98982367  1.0023533   1.06357103  0.98941522
   0.99153313 -0.99331061  1.00081204  0.99758931 -0.99247311  0.9997
   0.99040913 -0.99022524 -0.99461552 -0.97714121  1.01041384 -0.99897889
  -1.00341851 -1.01045403 -1.00603734  0.97554999  0.98676499  0.9891625
   0.99800206  0.99115823 -0.99360389 -0.9880825   0.99000084  0.99055646
  -0.99253919  1.0016661   0.98877409 -0.99895406 -0.99387994  0.99125309
   0.99854552 -0.99375044  0.98993916 -1.00634164 -1.03029124  0.97664682
  -1.01786405 -1.10155728  0.97485354  0.96734276  0.96545661 -1.14771705
  -1.11989162  0.98118463 -1.13172237 -1.0097881   0.9774428   0.979336
   0.96782177  0.98327178  0.99648527  0.99969622  1.00275465 -1.20450603
   0.98754654 -1.00356556  0.99234104  1.00127357 -0.96859509 -0.97925526
   0.97400551  0.97688798  0.96779778  0.97449003 -1.20743902  0.97124726
   0.96558589  0.96859721 -1.20323672 -1.20775213 -1.21047854  0.97009226
   0.97221874 -1.21275685 -1.21064093  0.97707493  0.97527427 -1.11307018
   0.97159076 -1.00028993  0.9979638  -0.99641736  0.99520169 -0.99667937
   0.99780723  1.00910104  1.05916851 -0.96508008 -1.20436502 -1.20729986
   0.96686667 -1.20804449  0.97528901  0.96542609  0.97064618 -1.21356609
   0.97404761 -1.21663636 -1.21336552  0.97995495  0.97069656  0.98045451
   0.97590091  0.97099276  0.97234137  0.97989717  1.12205389 -1.00163953
   0.98984904 -0.98689904 -0.99163207  0.99094698  1.00907437 -1.01476168
   0.98194228 -1.01296244  0.97106431  0.9778536   0.96905615 -1.20752336
  -1.21173552  0.97187898 -1.2051911   0.97118974 -1.20521223  0.97492608
   0.97883207 -1.20929014  0.96445026  0.96623499 -1.21274936  0.97754486
   0.96640776 -1.210032    0.9754892   0.98142067 -0.99385177  0.99303157
   0.98884601  0.99801648 -0.97154612  0.96794241 -1.11898658 -1.18496722
   0.96926295 -1.20663645  0.98117517 -1.21343708  0.96496666 -1.20835335
   0.97333441  0.96626644 -1.21626501  0.97993364 -1.21506781  0.9783375
  -1.20481446 -1.20685079  0.96604693 -1.2149344  -1.21639731 -1.20395831
  -1.15126912  0.99298723 -0.98689763  0.99670178 -0.99100965 -0.9766691
   1.10545484  0.9780238   0.96798045 -1.21349354 -1.20650235  0.96803554
  -1.21344458  0.98122287 -1.21391873 -1.20784586  0.96943434  0.97560498
  -1.20429547 -1.21600718  0.9806585  -0.97228779 -0.97699603  0.96735113
  -1.20548422 -1.21218716 -1.20598931  0.97929622  0.96732853 -1.02254996
   0.99995544  0.99005469  0.99460731 -0.98346329 -0.98094337 -1.16413058
   0.96956661 -1.20899048 -1.21463956  0.9717948  -1.2044884   0.97415014
   0.97908756 -1.21075505  0.97317686 -1.21349612  0.97390729  1.20501347
  -0.97479394 -0.9676587   1.21361667  0.97161748 -1.21059679 -1.20406431
   0.97917433  0.97785186  0.96828556 -1.02591995 -0.99957945 -0.98701648
   0.99007565  1.01470676  0.96705266  0.97251854 -1.21636297 -1.21543852
   0.97308123  0.96530865 -0.98266443 -0.97768985 -1.20817819  0.97562257
  -1.20444375  0.97162092  0.97596287  1.21339991  1.20633005 -0.97454248
   1.20415968  0.96545518  0.97578687  0.96551622  0.96490006 -1.20491163
   0.97076677 -1.0068518   0.99347856  0.99105217  0.99330975 -0.98004034
   0.97601166  0.9755869   0.98085762  0.96881023 -1.20478858  1.21212312
  -0.96905498  0.96974105  0.98081107  0.97633184  0.97066455  0.97521531
   1.21668299  1.21371591  1.21131933  1.20384716  1.20999461 -0.97124918
  -1.20445937  0.97114198  0.97625535 -1.20973751 -1.1243647  -1.00267374
   0.99403693 -1.00129232  0.9982578  -0.97999079 -1.06536945  0.97738747
   0.97742362  0.96660827 -0.96817874 -0.97037548 -0.96633533  0.97704889
  -1.21094653 -1.21394554  0.97815055  0.97671685 -0.98051326  1.20772475
   1.20644516 -0.97868681  1.20316446 -0.96554302  1.21263262  0.96889055
   0.96769304  0.96573088 -1.00987691  0.987283    0.9891      0.99682106
  -0.98357337 -0.98352691  0.96600341  0.97957311  0.97811999  1.14083497
   1.21001176  1.20375247 -0.97214014  0.97834001 -1.21461487  0.97043755
   0.97343451  1.21263968 -0.9759603  -0.97803535  1.21480897 -0.97392517
   1.21492484 -0.9686151   1.21571106 -0.97120848 -0.96756156 -0.97628323
   1.01307443  0.9874553  -0.99437387  0.99452699  1.00201568  1.03993242
  -0.97223758  0.97090358 -0.97590466 -0.96508944 -0.96635959  1.2143484
  -0.9654562   1.21406521 -0.9814295  -0.97184249 -0.97202518  1.21326816
   1.21177387  1.21077275 -0.96429544 -0.96532255 -0.96975358 -0.9685336
  -0.97510253  1.20558341 -0.96835221  1.1386494  -1.20669652  0.99336561
  -0.99479744  0.99097321 -0.99749562 -0.9798746   1.11980749 -0.97010075
   1.21473017  1.21627976 -0.98000512  1.20707614 -0.96795843  1.21604763
  -0.9647109   1.21537027 -0.97525759  1.21570235 -0.97324454 -0.96471272
   1.20567754  1.20391538 -0.97439628  1.21538059 -0.98108902 -0.96457853
  -0.9647325  -0.96898222  1.00079485 -0.99651678 -0.98732442 -0.99055632
   0.99224504  1.00204315  1.06827038 -0.97415511  1.21474069  1.21175272
   1.2122851   1.20714261  1.2082262   1.21293387  1.20619856 -0.96494511
  -0.96793757  1.20485977  1.20590276  1.20696822  1.2143514   0.96772377
  -1.20326959  0.97281234 -1.21310656  1.09583307  0.9672983   1.04519496
   1.01633436 -0.99019678 -0.99132595 -0.99995115  0.99911287  0.97940886
  -1.05208581  0.97145671  0.96492702  0.97463052  1.20678202 -0.97934256
  -0.97073228  1.20468266 -0.98027311  1.2152022  -0.96488238 -0.9702308
   1.20657225 -0.9753875  -1.20322661 -1.20333122  0.96493258 -1.20715067
  -1.21207534 -1.2114025   0.9685955   1.00859585  1.00611842  0.98915851
  -0.98871477 -0.98938723  0.99506645  1.00595546 -1.2061342  -1.21540047
   0.96507588 -1.21413696  0.96895606 -1.21293173 -1.08144613 -0.96838312
   1.20664662  1.21024031 -0.96493183  1.20763742  1.18389138  0.97874717
  -1.20837874  0.9785703   0.97051108 -1.21135958 -1.20729244  0.97776831
  -1.20395293 -1.20496815 -0.99799453  0.99502157  0.99037958 -1.00347602
  -1.01124173 -1.00921226  0.9743922  -1.21039411 -1.21058495 -1.2059454
  -1.2131329  -1.21124759  0.98013015  0.97979315 -0.96518513 -0.96406086
   1.20491353 -1.21627761  0.97854187 -1.20935249 -1.20343079 -1.20572133
   0.9731994  -1.21629235  0.97622484  0.98075074  0.98107824 -0.99850707
  -0.99693111 -0.99574902 -0.99874477 -0.98986002  0.98635439  0.97185424
   0.96444471  0.96487825 -1.20572566  0.97675607 -1.21543197  0.97299553
   0.97697582  0.96802436  0.99539587 -0.96660324  0.96772922 -1.20931833
   0.9649462  -1.20672427  0.97598227  0.9648246   0.97649472  0.97895422
   0.9783639  -1.21204274 -1.11958099 -1.00041458  0.98897302 -0.9935057
  -0.9983929   0.99078854 -0.99082689 -1.02868103  0.98116158  0.96919815
   0.9683518  -1.21027228 -1.20700341 -1.20378178  0.9738024   0.98025577
   0.96954561 -1.20636002  0.96574303  0.96607613 -1.20678085  0.96907562
  -1.20524859  0.97617367 -1.20695232  0.96536994 -1.21191118 -1.21252767
  -1.00994563  0.98922088  1.12330073 -0.99132616  0.98818523 -0.99714043
  -0.99629963 -1.01358539 -1.20006049  0.97657791 -1.21141649 -1.21526281
  -1.21239022 -1.21260459 -1.21320433 -1.20837917  0.96866124  0.97915215
   0.96440309  0.97944236 -1.20561704  0.96765673 -1.21001475 -1.21632432
   0.96450279 -1.20384916  0.96568433  0.97127602 -1.00179628 -1.00008045
  -1.00485231  0.99029959  0.9917193  -0.98905031  0.9947731   0.97400647
   0.97913597  0.96866043 -1.20434929  0.96956818  0.98017551 -1.20582055
  -1.21119273 -1.20425653  0.97041631  0.97158781  0.97789325 -1.2038112
   0.9716767  -1.20755975  0.98094099 -1.20598667 -1.13885093 -1.03170154
  -1.00397463 -0.99648535  0.98728563 -1.00089287  0.98810154  0.9955661
   1.00135499  1.00314241  0.99162385 -1.00121383 -1.0203945  -1.08489704
   0.97716608  0.97019121  0.9723261  -1.21294725  0.97491508  0.96434754
   0.9672341  -1.20804863  0.9727861   0.97656001  0.9788214   0.96833311
   1.20928045  1.21408108 -0.97475225 -0.97211758 -0.97421408 -0.99766983
   0.98085587  0.99364613  0.9898442   0.99298795  1.00158828 -0.99920469
   1.00301751  0.98685121  0.97812953  0.99148364 -0.98584046 -1.04108307
  -1.06669275  0.97187266 -1.04741507  0.97432099  0.97814234 -1.21627632
   0.96905485  0.96737877 -0.9701354   0.96895182  0.98873319 -0.97152202
   1.06040141  0.98123913  1.19292399 -0.99814043 -1.01350362  1.00039477
   0.9871192   0.99457759  1.00315998  0.99199925 -1.21260127 -1.00123098
  -0.99500838  1.01819637 -0.97446316  0.9910959   1.0075341  -0.98648558
   0.97091792 -1.07534739  0.97850704 -1.07366283 -1.04008706 -1.01004264
  -1.03654729 -1.06329291  0.97616507 -1.0333154   0.98089829 -1.01294437
   0.99400659 -0.98670583  0.99601768 -0.99134711  0.99894846 -0.99269318
  -0.9942646   0.99257861  0.99342549  0.99735577 -0.99852955 -0.99174907
   1.00161712 -0.99505182 -1.01590998  0.99358808  0.9886844  -0.99304678
  -0.99104045 -0.98987143 -0.99206254  0.99287217  0.99589376 -1.00184469
  -1.00264528 -0.99173075 -0.99829355 -0.99540452  0.9904284   1.20871626
  -0.99124437  0.99024829 -0.98689444  0.98900583]]
3  true MAPs are  [[1], [3], [2]]
We have collected all the required queries
the Oracle query times is 2**20.021562900228332
start recover nn under a subset of decision boundary points
we have found a solution
the model activation patterns of selected points are  [[1], [2], [3]]
selected w_2 sign is  1
recovered w_1 is  [[ 1.         -1.00156361  0.99411991 ...  0.99103673 -0.99390165
  -0.9889055 ]
 [ 1.         -0.99118725 -1.00274214 ...  0.99024829 -0.98689444
   0.98900583]]
recovered w_2 is  [[0.45785726 0.54214274]]
recovered bs are  [array([[ 2.18532467],
       [-0.18311656]]), array([[-5.79900783]])]
start checking the prediction matching ratio
prediction matching ratio is  0.999996

we have found a solution
the model activation patterns of selected points are  [[1], [2], [3]]
selected w_2 sign is  -1
recovered w_1 is  [[-1.          1.00156361 -0.99411991 ... -0.99103673  0.99390165
   0.9889055 ]
 [-1.          0.99118725  1.00274214 ... -0.99024829  0.98689444
  -0.98900583]]
recovered w_2 is  [[-0.45785726 -0.54214274]]
recovered bs are  [array([[-2.18532467],
       [ 0.18311656]]), array([[-5.79900783]])]
start checking the prediction matching ratio
prediction matching ratio is  0.40483

6 models are checked, and 2 extracted models are final candidates

Process finished with exit code 0
