true weights are 
[array([[ 0.34247406,  0.34412318,  0.34391942, ..., -0.3436399 ,
         -0.34370581, -0.34334468],
        [-0.34337486, -0.34353412, -0.34355027, ...,  0.34163376,
         -0.34348205,  0.34334915]])
 array([[1.4808149 , 0.74797182]])]
true biases are 
[array([[0.3862267 ],
        [0.10841954]]) array([[-3.3901896]])]
when the recovered model is correct: 
expected w_1s are: 
[ 1.          1.00481531  1.00422035 -0.99733081 -0.99868567 -1.00457172
  0.99799842  1.0034341   1.00347183 -1.00276695 -1.00110137  0.99989288
 -1.00051845  1.00438749 -0.99818019 -1.00035418  1.00219297  0.99741559
  0.99768581 -1.00022581 -0.99779607 -0.99949113 -1.00506416 -0.99900568
  1.00546562 -1.00330663  0.99708817 -1.00301273  0.99714613  1.00542698
 -0.99817793  0.99916206 -0.99707934  0.9991596  -1.00341478 -0.99956136
 -0.99847825 -1.00336645  1.00157414 -1.00179789  1.00466269  1.00310947
 -1.00383925 -1.00069676 -1.00415847 -1.00214859  0.99767185 -0.99889758
 -1.00201211 -1.00193128 -1.00029559 -1.30533973 -0.99826228  1.00223612
 -0.99783719  1.00244623  1.00502986  1.00318487  1.00268031 -1.00451373
  0.99802555 -1.00469287  0.99712707  1.0011942  -1.00068175 -1.00254372
  1.03102413  1.01376979  1.02429621  1.08134667 -1.00353176 -1.00252264
  1.30468839 -1.00296096 -1.00061521  1.01420528  0.99967549 -1.00504287
  0.99886221 -0.99773454 -1.00217406 -1.00493549  0.99985768  1.00209119
  1.00137674 -0.99828498  1.00341492 -1.0047903   1.00449683  1.00132067
  1.0003168   1.02128678 -0.99739665 -1.00192288  1.09708507 -0.99864502
 -0.99749628  1.30621792  1.30516342  1.30713569  1.30597449 -1.00367706
  1.21308227  1.06407886 -1.0037019   1.04295401  1.02025406 -1.00468615
  1.00470697 -0.99846228 -0.99819858  1.0046535  -1.00198573  1.00193158
 -1.3042415   1.00025404  1.00087169 -1.0002392  -1.00029917 -1.00049697
 -1.00092983 -0.99834108  1.16176399 -1.00546125 -1.0019214  -1.00145847
 -1.00071564 -0.99706859 -1.00214287  1.30151349  1.29854493  1.13114748
 -0.9982075   1.30378355 -0.99707801  1.01178437 -1.00438122  1.00399214
 -1.00184579 -0.99729906 -1.00274042 -1.00500156  1.00098308 -1.00449793
  0.99713975  1.00021311  1.00284638  1.04276686 -1.00348729  1.18072329
  1.14679634  1.27209121 -1.00156168 -1.00064346 -1.00228698 -1.00305806
  1.3021191   1.30642893 -0.99985619  1.17549346  1.14960336  1.07093549
 -1.00317479  1.01336028  1.00285788  1.00187683 -0.99853837  1.00150885
  0.99857857 -1.00201763  0.99743905 -1.00352291 -1.00365307 -1.00990527
  0.99987561 -0.9992823   1.05692492  1.05110973 -1.00088573 -1.0046559
  1.30715872 -0.99965145 -1.0028156   1.3028513   1.00483589 -1.04882857
  1.00455201 -1.30446725 -1.03007127  1.00140336  1.00135994 -1.00522715
  1.00158908 -1.00374227 -1.00207681 -1.0000063   1.00189102  0.99917157
 -1.00429226 -1.01319687  0.99700667  1.00439261 -1.13608705 -1.08043313
  1.00134428  1.00180678 -1.30347061 -1.00384033 -1.00202398 -1.00266012
 -1.00242573  1.00076719  1.00510012  1.00334838 -1.30184663  0.99920236
  0.9985604   1.00016485 -1.12311349  0.99844136  1.00358839  1.00119354
 -1.00169769  0.99746797  0.99887542  1.00105421 -1.00790003  0.99940264
  1.00188719  1.00156519  1.00212807 -1.30241502 -1.30419568  1.00018765
  1.00073059 -1.3028538   1.08245167 -0.99789485  1.00287503 -1.30545673
  1.0038604  -1.30411649 -1.30688497  0.99778904 -1.30158112  1.00414724
 -1.19307682 -1.04592924  1.00416147 -0.99790895  0.99945025  0.99973932
  1.00177367  0.99843849  1.00496803  1.00424254  1.00251558  1.00549933
 -1.30650551 -1.30581002 -1.30224617  0.99876234  1.00147417  1.00006022
  1.14045199 -0.99816989 -1.15135862 -1.30678977 -1.30137142 -1.30358953
 -1.30338979 -1.30270887  0.99895417  1.00014366 -1.07731735  0.9986175
  1.00507503  1.00344098 -0.99720529 -1.00490243  1.00236415  1.00268039
 -1.01652633  1.00034184 -1.17927943 -1.30327187  1.00415981  1.00420456
 -1.27901206 -1.30222    -1.29658861  1.11265287 -1.0027229   1.30325889
  0.99752476 -1.30176374 -1.30718416 -1.30421423 -1.30763069 -1.3030942
 -1.27575083  1.00079676 -0.99907246 -1.00126719 -0.99767392 -1.0031192
 -0.99744899  1.00308196  0.99715356  1.00514961 -0.99961373  1.0036714
 -1.05745509 -1.10521747 -1.05303132  1.00260508  1.00113001 -1.00251754
  1.11384837  1.30250859 -0.99901912 -0.99988214 -1.02518706 -1.30609495
  1.00544999  1.00441133  0.99795901  0.99711033  1.00379262 -1.00113182
 -0.99934099 -1.00545701  1.03292399 -0.99883779 -1.00034368  1.00173423
 -1.00293483 -0.99952404  1.00327062 -1.00888323 -1.05493808  1.00166482
  1.00315917 -1.00008401 -1.00464199 -1.00092437  1.30341047 -1.00343574
 -0.99942917  1.30615561  1.00802864 -1.3057988   1.00190517 -1.30283721
  1.00399311  1.00215789 -1.02679389  1.30295828 -1.00527188  1.30656597
 -1.00314147  1.00497513 -1.00352462  1.00046729 -0.99728427  1.00370187
 -1.00397551  1.00217405  1.00089877 -1.02914321 -1.00129892 -0.99800002
  1.30550055 -1.0020171  -1.00369454  1.3053115   1.30750097  1.30641604
 -0.9988312   1.29272143  1.00035959 -1.00477418  1.0783274   1.04824484
 -0.99925393  1.29184782 -1.00508256  1.30781694 -0.99912903  1.00150429
 -1.00392264 -1.00230953 -1.0021123  -1.00240884 -1.0039462  -1.00842259
  0.99724855  1.001514    1.3074644   1.30240219  1.30356191 -1.00161721
  1.30640337 -0.99798116 -1.00364975  1.30470806  1.04043225  1.00265939
  1.07768516 -1.00540793 -1.00206643 -1.0024716   1.08341881 -1.00325224
  1.30477602 -0.99967427 -0.99778348 -1.0047465   1.00281852  1.00378647
  0.99993392  1.00232589  1.00221522  1.00377421  1.00056316  0.99934718
 -1.00185619  1.30187437 -1.00318275  1.30366477  1.30458336 -0.99715025
 -0.9971669   1.19466855 -1.00619081  1.01091626 -0.99854027  1.30655065
  1.30702699 -1.00445052  1.00397569 -1.00572543  1.02858297  1.23741706
 -1.00353965 -1.00098704 -1.00151933  1.00330162  1.0020597  -1.00305961
  0.99806945 -1.0043673  -1.0180589   0.99843322 -1.00128919  1.30762475
 -1.00120363 -1.00170128  1.30479451  1.30159255 -1.00358628  1.00482015
  0.99924128  1.08244688 -1.00347231  1.27339512  1.21254424  1.09982472
  1.0008658   1.00096897  1.00870963 -0.99947862  1.16394632 -1.00194745
 -1.00108352  1.00358995 -1.00029808 -1.00428497  1.00211571 -0.99927171
  1.00431511  1.0010751   1.30724019  1.30420925  1.30268987  1.13599049
  1.30633881 -1.00218444  1.11304032  1.00266414  1.00409235 -1.00290065
 -1.00059395 -1.00199227  1.30259752 -1.00287558  1.07620573  1.03105163
 -1.00384242  1.20282092  1.06708383 -1.00406039  1.0026754   0.998754
 -1.00413435  1.00127144 -0.99912969  1.00172639  1.19472086  1.00163229
  1.22474881 -1.00156091  1.30202523  1.30492865  1.30207259  1.30527308
  1.30520862 -0.99960695  1.30294494 -1.00467481 -0.99928497  1.30657797
 -1.00128846  1.30436337  1.22816356 -0.99899548 -0.99916039  1.12011929
 -1.00087781 -1.00555384 -0.99927143  1.00087682 -1.30740718  0.99929912
 -1.30137838  1.00089538 -1.0029927   0.99948206 -1.00071371 -1.00507421
 -1.00520439  1.30268466  1.30316529 -0.99886621  1.30354179 -1.00413371
 -1.00381702 -1.0049034  -0.99925341 -1.00016302 -1.0004143   1.30624609
  1.30208062 -1.00478299 -0.99959938 -1.00349353 -1.00291567  0.99740384
 -1.00452745  1.00228376  1.00425605  0.99766084 -1.00201101 -1.00324671
 -1.00393562  1.00168213  1.02919356  1.25004356  1.30153452  1.30711146
 -1.00365693 -1.00437939  1.30793373  1.30444966 -0.99829362 -1.00435828
 -1.00053118 -1.0026494  -1.00309107  1.27508036  1.07418122 -1.002675
  1.02027634  1.00427132  1.00073392  1.00107289 -1.00248309  1.00026782
  1.00263033 -0.99840516  0.99920757  1.00134605  0.99796631  0.99877753
 -1.01779171 -1.01992717  1.00444766 -1.0016138  -0.99963424  1.30740311
 -0.99995269  1.30721661  1.30434433  1.30684102 -1.00328971  1.30567501
 -1.00016343  1.00271582  1.00227385  1.00076584 -1.00049988 -1.00106201
 -1.00015202  1.00221579 -1.00136573  0.99766998  1.00182757  1.00115991
 -1.00158234 -1.30628562  1.00027208  0.99895921  0.9982453   0.99868319
 -1.1920461  -1.0640044  -1.00189869 -1.00099388 -0.99961443  1.12010293
  1.00160025  1.00394898 -0.99858681 -1.02696143  1.00223601 -1.11090505
 -1.05111847  0.99976412  0.99843865  1.00360346  0.99978275 -0.99922825
 -0.99730712 -0.99783343 -1.00107353  0.99850328  1.0017009  -1.00331334
  1.00256173 -1.09496512  0.99850015 -1.30502034  1.00447854  0.99943153
 -1.26006331 -1.30769704  1.00482376 -1.30536979  0.99857015  1.00407701
 -1.30583988 -1.19379406  1.00058945  1.00296288  1.00354304  1.00020917
 -1.00256814  0.9981559   1.00362095  0.99713055 -0.99721631  0.99967689
  1.00483682 -1.0029088   1.00255057  1.00192507 -1.02277077  1.00367115
  0.99747168  1.00447194 -1.12470779 -1.0941488   1.00493269  1.00034893
 -1.30250981 -1.30485151  1.00372987  1.00282895 -1.30289051  0.99880072
  1.00309436 -1.08456492  0.99983108  1.00423231  0.99885256 -1.24544971
 -1.00307757  0.99976957 -1.00266151  1.00008774 -1.00292354 -0.99930301
 -1.00241566 -0.99748376  0.99974755  0.99979732 -1.06334116 -1.04853034
 -1.04427498 -1.0245568  -1.23568626 -1.30142926 -1.28929294 -1.30775164
  1.0003842   0.99775429  0.99947109 -1.08193077 -1.06609312  1.00012495
 -1.02635462 -1.01023006 -1.00582756  1.00027999  1.00139702  1.00422885
  1.00204026 -1.00479707  1.00373426  0.99868704  0.99893949 -0.99871615
  1.00214597 -1.00490921  1.00174439 -1.00336362 -0.99881105  1.00530162
 -0.99807108 -1.0077916   1.00415518  0.99841144  0.99723145  1.0037477
  1.00151145  0.99720812  0.99780966  0.99927713 -1.00858158  0.99771865
  1.00211729  0.99822253 -0.99782445  1.00114093 -1.00388333 -1.00418245
 -1.0004127   1.00129755 -1.00398566  1.00311482 -1.00339248 -0.99721897
 -0.99814661 -1.0039432  -1.00472234 -1.00315729  1.00469487  1.0048711
  1.00298108 -0.99999811  1.00175903 -0.99852521  0.99985258 -0.99857949
 -1.0008984  -1.00569705 -1.00421471 -1.00143358  1.00226102  1.00147558
 -0.99828723 -1.00340415 -1.00359662 -1.00254214]
[-1.         -1.00046382 -1.00051084 -0.99695721  0.99552931 -0.99688125
  0.99950568 -1.00021577 -1.00021607  1.00084179  0.99767972  1.00157778
  1.00138971 -0.99774597 -1.00191393 -1.00052489  0.99623313 -0.99955672
 -1.00080418  0.99857165  0.99628409  0.99635708 -0.99555702 -0.99498049
  1.00018726 -0.99879794  0.99709949  0.99972471 -0.9997987   0.99998307
 -0.99618441 -1.00135757 -0.9955257  -0.99509661  1.00274905 -0.99597465
  1.00127862  1.00019681  0.99448195 -0.99876409 -1.00118015 -1.0001673
  1.30127277 -0.99919332  0.99849002 -1.00035932  1.00204094  0.99484136
  0.99832043  1.00154489  0.99454879 -0.99982035 -0.99454427  1.29409547
 -1.00187402 -0.99943147 -0.99527751  1.00121283 -0.99727607 -1.00286339
 -0.99444355 -0.99922291  1.00221071  0.9969937  -0.99908273 -1.00230755
  1.00296679  0.99725784  1.00517177  1.01527267 -0.99451205  1.02445675
  1.06886737 -0.99907162 -0.99749297  0.99685451  1.00176139  1.00179174
  0.99446463 -0.99728878 -1.00271331 -1.00071896 -0.99974258  0.99523957
 -0.99904718 -1.00058894  0.99721569 -0.99988061 -1.00199843 -0.99849062
 -0.99512186  1.00357256 -0.99701458 -1.00099337 -0.99710611 -0.99762409
  1.03161508  1.07569085 -1.00105431 -0.99966923 -0.99814381 -1.00223794
  1.05119534 -1.00014813  1.01137792 -1.00160063 -0.9959508   1.00010771
 -0.99922833 -0.99521747  1.00226624 -0.99620216  1.00038449  0.99942413
 -1.00264499  0.99839132 -0.9998497  -0.99780495 -0.99652205 -0.99995268
  1.01221482 -1.00119942 -0.99847671  1.03656753 -1.00038673  1.30005521
 -0.99770382 -1.00171677 -0.99613692 -1.00221252  1.29809767  1.30406936
  1.02988163 -1.00203962  1.00933496 -0.9985856  -0.99475037 -1.00184623
 -0.9986136  -1.00106853  0.99540752 -0.99878301 -1.00260111  1.00143682
 -0.9978384  -0.99504627  0.99503275  1.00294278 -1.00033176 -1.00134872
  1.01783764  1.049926    1.30067058 -1.00000109 -0.995021   -1.00189731
 -0.99586723 -1.0008949  -0.99974098 -1.00180179 -1.00167723  1.01871413
  1.00289225  1.00298411 -1.00164149 -0.99868576 -0.99874353 -1.00211414
  0.99836427  0.99938624 -0.99822881  0.99471845  1.00107348 -0.99500702
  0.99843135 -0.99989624  1.0065862  -0.99529906 -0.9998111   1.07446062
 -0.9998034  -0.99601517  1.3017464  -0.99737388  1.29059502  1.00095226
  0.99566745  1.0024348  -0.99480802 -0.99619237 -0.99696836  1.00242986
  1.00034776 -0.99650677 -0.99526972  1.00123832 -1.00053557  1.0019332
  0.99954971  0.99762004 -0.99887299  1.00173439  0.99732016 -0.99678423
 -0.99509124  0.99830633 -0.99832582 -1.00127218 -0.99822014 -0.99940148
 -1.00138012 -1.01993081 -1.05926035 -1.30363837  1.0023306   0.99698492
  0.99796242  0.99498553  1.000427   -1.00318837 -1.0006051   0.99538601
  0.99452115  0.99645461  1.00205427  0.99481291  1.00104891 -1.00227199
 -1.02193634  0.99524019 -1.2810618  -1.25439863  0.99490122 -1.29875577
 -1.25891194 -0.99747108 -1.00803363 -1.04089725 -1.08247341 -1.29820547
  0.99460912  0.99762267 -1.3015136  -1.30312312 -1.29978787 -1.09987421
  0.99484619  0.99857734  0.99556484  0.99749734  1.00050003 -1.30096753
 -1.00160611  1.00188394  1.0020871  -1.01511578  0.99666779  1.00076738
 -1.30067288  0.99923729 -1.29799299  1.00089683  0.99502727  0.99518022
  0.9997548   1.00079769 -1.29887432 -1.3020421   1.00122331 -1.30097554
  0.99775572 -1.29797788 -1.29992953  0.99646138  0.99456439  1.00110965
  0.99764434 -1.00247131  1.00278975  1.00033089  1.00291804  0.99550221
 -0.99812135  1.00197464 -1.02816972 -1.15015178  0.9985237   0.99662777
  0.99819652  1.00202031  0.99813575  0.99498278  0.999766   -1.14088386
  0.99740606  0.99512085 -1.29872958  1.00068432 -1.29855127 -1.30284325
 -1.04917591  0.99713906 -1.00460278  0.99757238 -1.00063775  0.99798522
  1.00032039 -0.99610091 -1.00286182  0.99591506 -1.0013624   1.00262308
  0.99567082 -1.01743705 -1.02628768 -1.04606269  0.99767141  0.99760382
 -1.04123122 -1.00387316 -1.0078286  -1.00927988  0.99569813  0.99781593
  0.99850086  1.00136062  0.9978532   0.99812938  0.99961712  0.99513639
 -0.99445518  0.99936798 -1.00239673  0.99632064 -0.9967044   1.00288802
  0.99888074  0.99770352 -0.99931797 -0.99524399 -0.99718441  0.99445383
 -1.00535956 -0.99710143 -0.99812233  1.01805701 -0.99603374 -0.99724168
 -0.99576549 -0.99959459  0.99716439  0.99964787 -1.29923484 -1.29933301
  0.99738631 -1.12959117 -1.03283231 -0.99543648 -1.00129713 -0.99515315
  0.99760349  0.99842365  1.00052568 -0.99609863  1.00052934 -1.00018153
 -0.99814996 -0.99957515 -0.99748805 -0.99646242  0.99656281 -1.00121812
  1.03616816 -1.00025493  1.30191936 -0.9968883   1.30362584  1.1247287
  0.99644551 -1.29778214  0.99581297  0.99728194 -1.05512886 -1.03153906
 -0.99702877  1.00366245 -0.9977714  -0.99746111 -0.99577137  0.99653079
  1.00099704 -1.0016319   0.99561211 -0.99944052  0.99550008 -0.99492833
 -1.00224851 -0.99585394 -1.00287748  1.0393593   1.02922716  1.30388587
 -1.00066253 -0.99833366  1.30005657 -0.99954997 -1.00671789  0.9950165
  0.99921926 -1.04536873 -0.99847825  0.99958832  1.00569105 -0.99918957
 -1.00208815  1.01036558 -1.29889585  0.99897245 -0.99631039 -0.99512126
  0.99845879  0.99835428  1.00153709 -0.99679712 -0.99884647 -1.00122562
  0.99714321 -0.99471079  1.18077102  1.30160267 -1.00190009  1.29910337
  1.30068274 -0.99954779 -1.04419887 -1.11026057  0.99839506 -1.02434642
 -1.0108451  -1.00519571  1.00282594 -0.99641169  0.9946705  -0.99649806
  1.00132866 -0.9973331  -0.99858443 -0.99571715  1.00258653 -0.99956482
 -0.99813293 -1.00092881 -0.99560735  1.00227443 -1.00145449 -0.99460701
  1.24609178  1.29841925 -1.00122483  1.18250079  1.01918364 -1.17509712
 -1.08724449  0.99950694 -1.05136382  0.99742301 -1.01625491 -1.01076732
  1.29995663  1.000803    1.00071298  1.00331218 -0.99660794 -1.00137631
  1.00237035 -1.00197437 -0.99959358  0.99786522  1.00239987  0.99918236
 -1.00081077  1.00171966 -0.99661558 -1.00223653 -0.99639728  1.29946509
  1.30056191  1.29981155 -1.00406822 -1.05751092 -1.08388629  0.99770285
  1.00064552 -0.99835681 -0.99703458  1.26527474  1.00225312  0.99971504
  1.00210178  0.99890241 -0.99892535 -1.000986   -0.99456165  1.00089857
  1.00100236 -1.0025058  -1.00205574  0.99721438  0.9949562  -0.99762867
  1.00283095  1.30161409 -1.00219818  1.3040801  -0.99806642  1.29947323
 -0.99762432  0.99514513  0.99800733 -0.99527172 -0.99854704 -0.99555949
  1.29986191 -0.997779   -1.00270464  1.00618812  1.0118367  -1.00029409
 -0.99512374  1.30315415  1.00154278 -0.995495    0.99987256  1.00042893
  1.0024374   1.00070437 -1.00290246  0.99907892 -0.99821916 -0.99906848
 -0.99694959 -1.002021    1.30148626  1.30330941  1.30077981  1.0176551
  1.29808387 -0.99961011 -0.99902654 -0.99731381  1.30057824 -0.99905238
  1.0120727   1.01281131 -1.00102544  0.99770065  0.99663015  0.99941667
 -0.99974886 -0.99690042 -0.99977603 -0.99981054 -0.99948654 -1.00245194
 -0.99623611 -0.996415   -0.99617262  1.00173862 -0.99445436 -1.002077
 -0.99490549 -0.99603896  1.30292757  1.13562978  1.30317193 -0.99940298
  1.30063602  1.30271463 -0.99641168 -0.99448063  1.00097521  1.3034694
  1.29883395 -1.00266898 -0.99501701  1.00202102 -1.00227196 -0.99814024
  0.99707627  1.00067997 -0.99728885  1.0026528   1.00281076  0.99571192
  0.99768388  0.99734244  1.0004296  -0.99644907  1.30048622  1.3000059
 -1.00165063 -0.99699878  1.30084396 -1.00215678 -0.99767514 -1.00006786
  1.00046176  0.99853322  1.00106056  0.99939103  1.00117277 -0.99913682
 -1.00029536  0.99969234  0.99988058  0.99902628  1.00086945 -1.00279493
 -0.99785708  0.99824776 -0.99962473  0.99636553  1.00164833  1.00239268
  0.99962373 -0.99825327  1.00104264  1.00280503  1.3034964   0.99814072
 -1.01047436  0.9996691   0.99928227  1.00176885 -1.01204374  0.99619296
 -0.99718614 -0.99584634  0.99983077 -0.99963427 -0.99999621 -0.99934608
 -0.99670633  0.99985276 -1.00134319 -0.99938474 -1.00049579 -0.9973812
  1.00125159 -1.00251583  0.99494805 -1.02187245 -1.02225344  0.99935437
  1.00229569 -1.29970349  0.99894796 -1.29800071 -1.12175028  0.99883677
  0.99947387 -1.03533469  1.00137428  0.99672649 -1.00284052 -1.30419837
 -0.99963407 -0.9957636   1.00239627  0.99974641 -1.00166098  1.00007492
 -1.00029323 -0.99558989  1.00038938 -1.00041836  0.99942924  1.30316597
 -1.01075436  0.99733013  0.99870027 -1.02879794 -1.28762121 -1.30397837
 -1.30313335  0.99653745 -1.16083065 -1.09470842  0.99866784 -1.02721578
 -1.02069979  1.00250681 -1.00154573 -0.99964824 -1.00148348 -0.99963375
  1.00235231 -1.00039849 -0.99473582  1.00274775 -0.99921196 -0.99717518
 -1.00027664 -0.99993296 -1.00081796 -0.99635231  0.99498045  1.0013855
 -1.01097037 -1.30364837 -1.02483941  0.99636454 -1.25083898  1.00273303
  1.00119062 -1.07032577 -1.02566848  0.99580906 -1.00354329 -1.00313957
 -1.0025523   0.99927112  0.99845622  0.99614326 -0.99848851  1.00044498
  1.00015582 -0.99549558 -0.99914133  0.99746098  1.00087825  1.00107279
  0.99817368  1.0018237  -0.99596572 -0.99505213 -0.99621088 -0.99566204
 -1.00082645  1.0026791   0.99873068 -1.00243499 -1.00308388 -1.00132121
  0.99521335  1.00050338  1.30218898  1.00235639  0.99458516 -0.99967459
  0.99892759 -1.29906223  1.00069804  0.99969938 -1.00068439 -0.9959087
 -0.99782879 -0.99696046  1.00292226  0.99719972  0.9985099  -0.99716066
  1.00219986  1.30386768  1.30226714 -0.99864427  1.00294242  0.99751341
 -0.99580194 -1.00010708  0.99561343  0.99448865  0.99813422 -0.9986723
 -0.99539863 -0.99506067 -0.99977616  0.99744959 -0.9986123   1.00081894
 -0.99953578  0.99492945 -1.00031216  0.99992513]
expected w_2 is: 
[2.02608301 1.02608301]
when we regard k-deep nn as a zero-deep nn: 
expected gamma_ps are: 
[ 1.          1.00481531  1.00422035 -0.99733081 -0.99868567 -1.00457172
  0.99799842  1.0034341   1.00347183 -1.00276695 -1.00110137  0.99989288
 -1.00051845  1.00438749 -0.99818019 -1.00035418  1.00219297  0.99741559
  0.99768581 -1.00022581 -0.99779607 -0.99949113 -1.00506416 -0.99900568
  1.00546562 -1.00330663  0.99708817 -1.00301273  0.99714613  1.00542698
 -0.99817793  0.99916206 -0.99707934  0.9991596  -1.00341478 -0.99956136
 -0.99847825 -1.00336645  1.00157414 -1.00179789  1.00466269  1.00310947
 -1.00383925 -1.00069676 -1.00415847 -1.00214859  0.99767185 -0.99889758
 -1.00201211 -1.00193128 -1.00029559 -1.30533973 -0.99826228  1.00223612
 -0.99783719  1.00244623  1.00502986  1.00318487  1.00268031 -1.00451373
  0.99802555 -1.00469287  0.99712707  1.0011942  -1.00068175 -1.00254372
  1.03102413  1.01376979  1.02429621  1.08134667 -1.00353176 -1.00252264
  1.30468839 -1.00296096 -1.00061521  1.01420528  0.99967549 -1.00504287
  0.99886221 -0.99773454 -1.00217406 -1.00493549  0.99985768  1.00209119
  1.00137674 -0.99828498  1.00341492 -1.0047903   1.00449683  1.00132067
  1.0003168   1.02128678 -0.99739665 -1.00192288  1.09708507 -0.99864502
 -0.99749628  1.30621792  1.30516342  1.30713569  1.30597449 -1.00367706
  1.21308227  1.06407886 -1.0037019   1.04295401  1.02025406 -1.00468615
  1.00470697 -0.99846228 -0.99819858  1.0046535  -1.00198573  1.00193158
 -1.3042415   1.00025404  1.00087169 -1.0002392  -1.00029917 -1.00049697
 -1.00092983 -0.99834108  1.16176399 -1.00546125 -1.0019214  -1.00145847
 -1.00071564 -0.99706859 -1.00214287  1.30151349  1.29854493  1.13114748
 -0.9982075   1.30378355 -0.99707801  1.01178437 -1.00438122  1.00399214
 -1.00184579 -0.99729906 -1.00274042 -1.00500156  1.00098308 -1.00449793
  0.99713975  1.00021311  1.00284638  1.04276686 -1.00348729  1.18072329
  1.14679634  1.27209121 -1.00156168 -1.00064346 -1.00228698 -1.00305806
  1.3021191   1.30642893 -0.99985619  1.17549346  1.14960336  1.07093549
 -1.00317479  1.01336028  1.00285788  1.00187683 -0.99853837  1.00150885
  0.99857857 -1.00201763  0.99743905 -1.00352291 -1.00365307 -1.00990527
  0.99987561 -0.9992823   1.05692492  1.05110973 -1.00088573 -1.0046559
  1.30715872 -0.99965145 -1.0028156   1.3028513   1.00483589 -1.04882857
  1.00455201 -1.30446725 -1.03007127  1.00140336  1.00135994 -1.00522715
  1.00158908 -1.00374227 -1.00207681 -1.0000063   1.00189102  0.99917157
 -1.00429226 -1.01319687  0.99700667  1.00439261 -1.13608705 -1.08043313
  1.00134428  1.00180678 -1.30347061 -1.00384033 -1.00202398 -1.00266012
 -1.00242573  1.00076719  1.00510012  1.00334838 -1.30184663  0.99920236
  0.9985604   1.00016485 -1.12311349  0.99844136  1.00358839  1.00119354
 -1.00169769  0.99746797  0.99887542  1.00105421 -1.00790003  0.99940264
  1.00188719  1.00156519  1.00212807 -1.30241502 -1.30419568  1.00018765
  1.00073059 -1.3028538   1.08245167 -0.99789485  1.00287503 -1.30545673
  1.0038604  -1.30411649 -1.30688497  0.99778904 -1.30158112  1.00414724
 -1.19307682 -1.04592924  1.00416147 -0.99790895  0.99945025  0.99973932
  1.00177367  0.99843849  1.00496803  1.00424254  1.00251558  1.00549933
 -1.30650551 -1.30581002 -1.30224617  0.99876234  1.00147417  1.00006022
  1.14045199 -0.99816989 -1.15135862 -1.30678977 -1.30137142 -1.30358953
 -1.30338979 -1.30270887  0.99895417  1.00014366 -1.07731735  0.9986175
  1.00507503  1.00344098 -0.99720529 -1.00490243  1.00236415  1.00268039
 -1.01652633  1.00034184 -1.17927943 -1.30327187  1.00415981  1.00420456
 -1.27901206 -1.30222    -1.29658861  1.11265287 -1.0027229   1.30325889
  0.99752476 -1.30176374 -1.30718416 -1.30421423 -1.30763069 -1.3030942
 -1.27575083  1.00079676 -0.99907246 -1.00126719 -0.99767392 -1.0031192
 -0.99744899  1.00308196  0.99715356  1.00514961 -0.99961373  1.0036714
 -1.05745509 -1.10521747 -1.05303132  1.00260508  1.00113001 -1.00251754
  1.11384837  1.30250859 -0.99901912 -0.99988214 -1.02518706 -1.30609495
  1.00544999  1.00441133  0.99795901  0.99711033  1.00379262 -1.00113182
 -0.99934099 -1.00545701  1.03292399 -0.99883779 -1.00034368  1.00173423
 -1.00293483 -0.99952404  1.00327062 -1.00888323 -1.05493808  1.00166482
  1.00315917 -1.00008401 -1.00464199 -1.00092437  1.30341047 -1.00343574
 -0.99942917  1.30615561  1.00802864 -1.3057988   1.00190517 -1.30283721
  1.00399311  1.00215789 -1.02679389  1.30295828 -1.00527188  1.30656597
 -1.00314147  1.00497513 -1.00352462  1.00046729 -0.99728427  1.00370187
 -1.00397551  1.00217405  1.00089877 -1.02914321 -1.00129892 -0.99800002
  1.30550055 -1.0020171  -1.00369454  1.3053115   1.30750097  1.30641604
 -0.9988312   1.29272143  1.00035959 -1.00477418  1.0783274   1.04824484
 -0.99925393  1.29184782 -1.00508256  1.30781694 -0.99912903  1.00150429
 -1.00392264 -1.00230953 -1.0021123  -1.00240884 -1.0039462  -1.00842259
  0.99724855  1.001514    1.3074644   1.30240219  1.30356191 -1.00161721
  1.30640337 -0.99798116 -1.00364975  1.30470806  1.04043225  1.00265939
  1.07768516 -1.00540793 -1.00206643 -1.0024716   1.08341881 -1.00325224
  1.30477602 -0.99967427 -0.99778348 -1.0047465   1.00281852  1.00378647
  0.99993392  1.00232589  1.00221522  1.00377421  1.00056316  0.99934718
 -1.00185619  1.30187437 -1.00318275  1.30366477  1.30458336 -0.99715025
 -0.9971669   1.19466855 -1.00619081  1.01091626 -0.99854027  1.30655065
  1.30702699 -1.00445052  1.00397569 -1.00572543  1.02858297  1.23741706
 -1.00353965 -1.00098704 -1.00151933  1.00330162  1.0020597  -1.00305961
  0.99806945 -1.0043673  -1.0180589   0.99843322 -1.00128919  1.30762475
 -1.00120363 -1.00170128  1.30479451  1.30159255 -1.00358628  1.00482015
  0.99924128  1.08244688 -1.00347231  1.27339512  1.21254424  1.09982472
  1.0008658   1.00096897  1.00870963 -0.99947862  1.16394632 -1.00194745
 -1.00108352  1.00358995 -1.00029808 -1.00428497  1.00211571 -0.99927171
  1.00431511  1.0010751   1.30724019  1.30420925  1.30268987  1.13599049
  1.30633881 -1.00218444  1.11304032  1.00266414  1.00409235 -1.00290065
 -1.00059395 -1.00199227  1.30259752 -1.00287558  1.07620573  1.03105163
 -1.00384242  1.20282092  1.06708383 -1.00406039  1.0026754   0.998754
 -1.00413435  1.00127144 -0.99912969  1.00172639  1.19472086  1.00163229
  1.22474881 -1.00156091  1.30202523  1.30492865  1.30207259  1.30527308
  1.30520862 -0.99960695  1.30294494 -1.00467481 -0.99928497  1.30657797
 -1.00128846  1.30436337  1.22816356 -0.99899548 -0.99916039  1.12011929
 -1.00087781 -1.00555384 -0.99927143  1.00087682 -1.30740718  0.99929912
 -1.30137838  1.00089538 -1.0029927   0.99948206 -1.00071371 -1.00507421
 -1.00520439  1.30268466  1.30316529 -0.99886621  1.30354179 -1.00413371
 -1.00381702 -1.0049034  -0.99925341 -1.00016302 -1.0004143   1.30624609
  1.30208062 -1.00478299 -0.99959938 -1.00349353 -1.00291567  0.99740384
 -1.00452745  1.00228376  1.00425605  0.99766084 -1.00201101 -1.00324671
 -1.00393562  1.00168213  1.02919356  1.25004356  1.30153452  1.30711146
 -1.00365693 -1.00437939  1.30793373  1.30444966 -0.99829362 -1.00435828
 -1.00053118 -1.0026494  -1.00309107  1.27508036  1.07418122 -1.002675
  1.02027634  1.00427132  1.00073392  1.00107289 -1.00248309  1.00026782
  1.00263033 -0.99840516  0.99920757  1.00134605  0.99796631  0.99877753
 -1.01779171 -1.01992717  1.00444766 -1.0016138  -0.99963424  1.30740311
 -0.99995269  1.30721661  1.30434433  1.30684102 -1.00328971  1.30567501
 -1.00016343  1.00271582  1.00227385  1.00076584 -1.00049988 -1.00106201
 -1.00015202  1.00221579 -1.00136573  0.99766998  1.00182757  1.00115991
 -1.00158234 -1.30628562  1.00027208  0.99895921  0.9982453   0.99868319
 -1.1920461  -1.0640044  -1.00189869 -1.00099388 -0.99961443  1.12010293
  1.00160025  1.00394898 -0.99858681 -1.02696143  1.00223601 -1.11090505
 -1.05111847  0.99976412  0.99843865  1.00360346  0.99978275 -0.99922825
 -0.99730712 -0.99783343 -1.00107353  0.99850328  1.0017009  -1.00331334
  1.00256173 -1.09496512  0.99850015 -1.30502034  1.00447854  0.99943153
 -1.26006331 -1.30769704  1.00482376 -1.30536979  0.99857015  1.00407701
 -1.30583988 -1.19379406  1.00058945  1.00296288  1.00354304  1.00020917
 -1.00256814  0.9981559   1.00362095  0.99713055 -0.99721631  0.99967689
  1.00483682 -1.0029088   1.00255057  1.00192507 -1.02277077  1.00367115
  0.99747168  1.00447194 -1.12470779 -1.0941488   1.00493269  1.00034893
 -1.30250981 -1.30485151  1.00372987  1.00282895 -1.30289051  0.99880072
  1.00309436 -1.08456492  0.99983108  1.00423231  0.99885256 -1.24544971
 -1.00307757  0.99976957 -1.00266151  1.00008774 -1.00292354 -0.99930301
 -1.00241566 -0.99748376  0.99974755  0.99979732 -1.06334116 -1.04853034
 -1.04427498 -1.0245568  -1.23568626 -1.30142926 -1.28929294 -1.30775164
  1.0003842   0.99775429  0.99947109 -1.08193077 -1.06609312  1.00012495
 -1.02635462 -1.01023006 -1.00582756  1.00027999  1.00139702  1.00422885
  1.00204026 -1.00479707  1.00373426  0.99868704  0.99893949 -0.99871615
  1.00214597 -1.00490921  1.00174439 -1.00336362 -0.99881105  1.00530162
 -0.99807108 -1.0077916   1.00415518  0.99841144  0.99723145  1.0037477
  1.00151145  0.99720812  0.99780966  0.99927713 -1.00858158  0.99771865
  1.00211729  0.99822253 -0.99782445  1.00114093 -1.00388333 -1.00418245
 -1.0004127   1.00129755 -1.00398566  1.00311482 -1.00339248 -0.99721897
 -0.99814661 -1.0039432  -1.00472234 -1.00315729  1.00469487  1.0048711
  1.00298108 -0.99999811  1.00175903 -0.99852521  0.99985258 -0.99857949
 -1.0008984  -1.00569705 -1.00421471 -1.00143358  1.00226102  1.00147558
 -0.99828723 -1.00340415 -1.00359662 -1.00254214]
[-1.         -1.00046382 -1.00051084 -0.99695721  0.99552931 -0.99688125
  0.99950568 -1.00021577 -1.00021607  1.00084179  0.99767972  1.00157778
  1.00138971 -0.99774597 -1.00191393 -1.00052489  0.99623313 -0.99955672
 -1.00080418  0.99857165  0.99628409  0.99635708 -0.99555702 -0.99498049
  1.00018726 -0.99879794  0.99709949  0.99972471 -0.9997987   0.99998307
 -0.99618441 -1.00135757 -0.9955257  -0.99509661  1.00274905 -0.99597465
  1.00127862  1.00019681  0.99448195 -0.99876409 -1.00118015 -1.0001673
  1.30127277 -0.99919332  0.99849002 -1.00035932  1.00204094  0.99484136
  0.99832043  1.00154489  0.99454879 -0.99982035 -0.99454427  1.29409547
 -1.00187402 -0.99943147 -0.99527751  1.00121283 -0.99727607 -1.00286339
 -0.99444355 -0.99922291  1.00221071  0.9969937  -0.99908273 -1.00230755
  1.00296679  0.99725784  1.00517177  1.01527267 -0.99451205  1.02445675
  1.06886737 -0.99907162 -0.99749297  0.99685451  1.00176139  1.00179174
  0.99446463 -0.99728878 -1.00271331 -1.00071896 -0.99974258  0.99523957
 -0.99904718 -1.00058894  0.99721569 -0.99988061 -1.00199843 -0.99849062
 -0.99512186  1.00357256 -0.99701458 -1.00099337 -0.99710611 -0.99762409
  1.03161508  1.07569085 -1.00105431 -0.99966923 -0.99814381 -1.00223794
  1.05119534 -1.00014813  1.01137792 -1.00160063 -0.9959508   1.00010771
 -0.99922833 -0.99521747  1.00226624 -0.99620216  1.00038449  0.99942413
 -1.00264499  0.99839132 -0.9998497  -0.99780495 -0.99652205 -0.99995268
  1.01221482 -1.00119942 -0.99847671  1.03656753 -1.00038673  1.30005521
 -0.99770382 -1.00171677 -0.99613692 -1.00221252  1.29809767  1.30406936
  1.02988163 -1.00203962  1.00933496 -0.9985856  -0.99475037 -1.00184623
 -0.9986136  -1.00106853  0.99540752 -0.99878301 -1.00260111  1.00143682
 -0.9978384  -0.99504627  0.99503275  1.00294278 -1.00033176 -1.00134872
  1.01783764  1.049926    1.30067058 -1.00000109 -0.995021   -1.00189731
 -0.99586723 -1.0008949  -0.99974098 -1.00180179 -1.00167723  1.01871413
  1.00289225  1.00298411 -1.00164149 -0.99868576 -0.99874353 -1.00211414
  0.99836427  0.99938624 -0.99822881  0.99471845  1.00107348 -0.99500702
  0.99843135 -0.99989624  1.0065862  -0.99529906 -0.9998111   1.07446062
 -0.9998034  -0.99601517  1.3017464  -0.99737388  1.29059502  1.00095226
  0.99566745  1.0024348  -0.99480802 -0.99619237 -0.99696836  1.00242986
  1.00034776 -0.99650677 -0.99526972  1.00123832 -1.00053557  1.0019332
  0.99954971  0.99762004 -0.99887299  1.00173439  0.99732016 -0.99678423
 -0.99509124  0.99830633 -0.99832582 -1.00127218 -0.99822014 -0.99940148
 -1.00138012 -1.01993081 -1.05926035 -1.30363837  1.0023306   0.99698492
  0.99796242  0.99498553  1.000427   -1.00318837 -1.0006051   0.99538601
  0.99452115  0.99645461  1.00205427  0.99481291  1.00104891 -1.00227199
 -1.02193634  0.99524019 -1.2810618  -1.25439863  0.99490122 -1.29875577
 -1.25891194 -0.99747108 -1.00803363 -1.04089725 -1.08247341 -1.29820547
  0.99460912  0.99762267 -1.3015136  -1.30312312 -1.29978787 -1.09987421
  0.99484619  0.99857734  0.99556484  0.99749734  1.00050003 -1.30096753
 -1.00160611  1.00188394  1.0020871  -1.01511578  0.99666779  1.00076738
 -1.30067288  0.99923729 -1.29799299  1.00089683  0.99502727  0.99518022
  0.9997548   1.00079769 -1.29887432 -1.3020421   1.00122331 -1.30097554
  0.99775572 -1.29797788 -1.29992953  0.99646138  0.99456439  1.00110965
  0.99764434 -1.00247131  1.00278975  1.00033089  1.00291804  0.99550221
 -0.99812135  1.00197464 -1.02816972 -1.15015178  0.9985237   0.99662777
  0.99819652  1.00202031  0.99813575  0.99498278  0.999766   -1.14088386
  0.99740606  0.99512085 -1.29872958  1.00068432 -1.29855127 -1.30284325
 -1.04917591  0.99713906 -1.00460278  0.99757238 -1.00063775  0.99798522
  1.00032039 -0.99610091 -1.00286182  0.99591506 -1.0013624   1.00262308
  0.99567082 -1.01743705 -1.02628768 -1.04606269  0.99767141  0.99760382
 -1.04123122 -1.00387316 -1.0078286  -1.00927988  0.99569813  0.99781593
  0.99850086  1.00136062  0.9978532   0.99812938  0.99961712  0.99513639
 -0.99445518  0.99936798 -1.00239673  0.99632064 -0.9967044   1.00288802
  0.99888074  0.99770352 -0.99931797 -0.99524399 -0.99718441  0.99445383
 -1.00535956 -0.99710143 -0.99812233  1.01805701 -0.99603374 -0.99724168
 -0.99576549 -0.99959459  0.99716439  0.99964787 -1.29923484 -1.29933301
  0.99738631 -1.12959117 -1.03283231 -0.99543648 -1.00129713 -0.99515315
  0.99760349  0.99842365  1.00052568 -0.99609863  1.00052934 -1.00018153
 -0.99814996 -0.99957515 -0.99748805 -0.99646242  0.99656281 -1.00121812
  1.03616816 -1.00025493  1.30191936 -0.9968883   1.30362584  1.1247287
  0.99644551 -1.29778214  0.99581297  0.99728194 -1.05512886 -1.03153906
 -0.99702877  1.00366245 -0.9977714  -0.99746111 -0.99577137  0.99653079
  1.00099704 -1.0016319   0.99561211 -0.99944052  0.99550008 -0.99492833
 -1.00224851 -0.99585394 -1.00287748  1.0393593   1.02922716  1.30388587
 -1.00066253 -0.99833366  1.30005657 -0.99954997 -1.00671789  0.9950165
  0.99921926 -1.04536873 -0.99847825  0.99958832  1.00569105 -0.99918957
 -1.00208815  1.01036558 -1.29889585  0.99897245 -0.99631039 -0.99512126
  0.99845879  0.99835428  1.00153709 -0.99679712 -0.99884647 -1.00122562
  0.99714321 -0.99471079  1.18077102  1.30160267 -1.00190009  1.29910337
  1.30068274 -0.99954779 -1.04419887 -1.11026057  0.99839506 -1.02434642
 -1.0108451  -1.00519571  1.00282594 -0.99641169  0.9946705  -0.99649806
  1.00132866 -0.9973331  -0.99858443 -0.99571715  1.00258653 -0.99956482
 -0.99813293 -1.00092881 -0.99560735  1.00227443 -1.00145449 -0.99460701
  1.24609178  1.29841925 -1.00122483  1.18250079  1.01918364 -1.17509712
 -1.08724449  0.99950694 -1.05136382  0.99742301 -1.01625491 -1.01076732
  1.29995663  1.000803    1.00071298  1.00331218 -0.99660794 -1.00137631
  1.00237035 -1.00197437 -0.99959358  0.99786522  1.00239987  0.99918236
 -1.00081077  1.00171966 -0.99661558 -1.00223653 -0.99639728  1.29946509
  1.30056191  1.29981155 -1.00406822 -1.05751092 -1.08388629  0.99770285
  1.00064552 -0.99835681 -0.99703458  1.26527474  1.00225312  0.99971504
  1.00210178  0.99890241 -0.99892535 -1.000986   -0.99456165  1.00089857
  1.00100236 -1.0025058  -1.00205574  0.99721438  0.9949562  -0.99762867
  1.00283095  1.30161409 -1.00219818  1.3040801  -0.99806642  1.29947323
 -0.99762432  0.99514513  0.99800733 -0.99527172 -0.99854704 -0.99555949
  1.29986191 -0.997779   -1.00270464  1.00618812  1.0118367  -1.00029409
 -0.99512374  1.30315415  1.00154278 -0.995495    0.99987256  1.00042893
  1.0024374   1.00070437 -1.00290246  0.99907892 -0.99821916 -0.99906848
 -0.99694959 -1.002021    1.30148626  1.30330941  1.30077981  1.0176551
  1.29808387 -0.99961011 -0.99902654 -0.99731381  1.30057824 -0.99905238
  1.0120727   1.01281131 -1.00102544  0.99770065  0.99663015  0.99941667
 -0.99974886 -0.99690042 -0.99977603 -0.99981054 -0.99948654 -1.00245194
 -0.99623611 -0.996415   -0.99617262  1.00173862 -0.99445436 -1.002077
 -0.99490549 -0.99603896  1.30292757  1.13562978  1.30317193 -0.99940298
  1.30063602  1.30271463 -0.99641168 -0.99448063  1.00097521  1.3034694
  1.29883395 -1.00266898 -0.99501701  1.00202102 -1.00227196 -0.99814024
  0.99707627  1.00067997 -0.99728885  1.0026528   1.00281076  0.99571192
  0.99768388  0.99734244  1.0004296  -0.99644907  1.30048622  1.3000059
 -1.00165063 -0.99699878  1.30084396 -1.00215678 -0.99767514 -1.00006786
  1.00046176  0.99853322  1.00106056  0.99939103  1.00117277 -0.99913682
 -1.00029536  0.99969234  0.99988058  0.99902628  1.00086945 -1.00279493
 -0.99785708  0.99824776 -0.99962473  0.99636553  1.00164833  1.00239268
  0.99962373 -0.99825327  1.00104264  1.00280503  1.3034964   0.99814072
 -1.01047436  0.9996691   0.99928227  1.00176885 -1.01204374  0.99619296
 -0.99718614 -0.99584634  0.99983077 -0.99963427 -0.99999621 -0.99934608
 -0.99670633  0.99985276 -1.00134319 -0.99938474 -1.00049579 -0.9973812
  1.00125159 -1.00251583  0.99494805 -1.02187245 -1.02225344  0.99935437
  1.00229569 -1.29970349  0.99894796 -1.29800071 -1.12175028  0.99883677
  0.99947387 -1.03533469  1.00137428  0.99672649 -1.00284052 -1.30419837
 -0.99963407 -0.9957636   1.00239627  0.99974641 -1.00166098  1.00007492
 -1.00029323 -0.99558989  1.00038938 -1.00041836  0.99942924  1.30316597
 -1.01075436  0.99733013  0.99870027 -1.02879794 -1.28762121 -1.30397837
 -1.30313335  0.99653745 -1.16083065 -1.09470842  0.99866784 -1.02721578
 -1.02069979  1.00250681 -1.00154573 -0.99964824 -1.00148348 -0.99963375
  1.00235231 -1.00039849 -0.99473582  1.00274775 -0.99921196 -0.99717518
 -1.00027664 -0.99993296 -1.00081796 -0.99635231  0.99498045  1.0013855
 -1.01097037 -1.30364837 -1.02483941  0.99636454 -1.25083898  1.00273303
  1.00119062 -1.07032577 -1.02566848  0.99580906 -1.00354329 -1.00313957
 -1.0025523   0.99927112  0.99845622  0.99614326 -0.99848851  1.00044498
  1.00015582 -0.99549558 -0.99914133  0.99746098  1.00087825  1.00107279
  0.99817368  1.0018237  -0.99596572 -0.99505213 -0.99621088 -0.99566204
 -1.00082645  1.0026791   0.99873068 -1.00243499 -1.00308388 -1.00132121
  0.99521335  1.00050338  1.30218898  1.00235639  0.99458516 -0.99967459
  0.99892759 -1.29906223  1.00069804  0.99969938 -1.00068439 -0.9959087
 -0.99782879 -0.99696046  1.00292226  0.99719972  0.9985099  -0.99716066
  1.00219986  1.30386768  1.30226714 -0.99864427  1.00294242  0.99751341
 -0.99580194 -1.00010708  0.99561343  0.99448865  0.99813422 -0.9986723
 -0.99539863 -0.99506067 -0.99977616  0.99744959 -0.9986123   1.00081894
 -0.99953578  0.99492945 -1.00031216  0.99992513]
start step 1: collect decision boundary points
start step 2: recover $\gamma_P$s
3 different MAPs occur
corresponding \gamma_P are: 
boundary point: 0, \gamma_p is [[ 1.          1.0048153   1.00422035 -0.99733081 -0.99868566 -1.00457172
   0.99799841  1.0034341   1.00347182 -1.00276695 -1.00110137  0.99989288
  -1.00051845  1.00438749 -0.99818019 -1.00035418  1.00219297  0.99741559
   0.99768581 -1.00022581 -0.99779607 -0.99949113 -1.00506416 -0.99900568
   1.00546562 -1.00330663  0.99708817 -1.00301273  0.99714612  1.00542698
  -0.99817793  0.99916206 -0.99707934  0.9991596  -1.00341478 -0.99956135
  -0.99847825 -1.00336645  1.00157414 -1.00179789  1.00466269  1.00310947
  -1.00383925 -1.00069675 -1.00415847 -1.00214859  0.99767185 -0.99889758
  -1.00201211 -1.00193128 -1.00029558 -1.30533973 -0.99826228  1.00223611
  -0.99783719  1.00244623  1.00502986  1.00318487  1.00268031 -1.00451373
   0.99802555 -1.00469287  0.99712707  1.0011942  -1.00068175 -1.00254372
   1.03102413  1.01376979  1.02429621  1.08134667 -1.00353175 -1.00252263
   1.30468839 -1.00296096 -1.00061521  1.01420528  0.99967549 -1.00504287
   0.99886221 -0.99773454 -1.00217406 -1.00493549  0.99985768  1.00209119
   1.00137674 -0.99828498  1.00341492 -1.0047903   1.00449682  1.00132067
   1.0003168   1.02128678 -0.99739665 -1.00192288  1.09708507 -0.99864502
  -0.99749628  1.30621792  1.30516342  1.30713569  1.30597449 -1.00367706
   1.21308227  1.06407886 -1.0037019   1.04295401  1.02025406 -1.00468615
   1.00470697 -0.99846228 -0.99819858  1.00465349 -1.00198573  1.00193158
  -1.3042415   1.00025404  1.00087169 -1.0002392  -1.00029917 -1.00049697
  -1.00092983 -0.99834107  1.16176398 -1.00546124 -1.0019214  -1.00145847
  -1.00071564 -0.99706859 -1.00214287  1.30151349  1.29854493  1.13114748
  -0.9982075   1.30378355 -0.997078    1.01178437 -1.00438122  1.00399214
  -1.00184579 -0.99729906 -1.00274041 -1.00500156  1.00098308 -1.00449793
   0.99713975  1.00021311  1.00284638  1.04276685 -1.00348729  1.18072329
   1.14679634  1.27209121 -1.00156168 -1.00064346 -1.00228698 -1.00305806
   1.3021191   1.30642893 -0.99985619  1.17549345  1.14960336  1.07093549
  -1.00317479  1.01336028  1.00285788  1.00187683 -0.99853837  1.00150885
   0.99857857 -1.00201763  0.99743905 -1.00352291 -1.00365307 -1.00990527
   0.99987561 -0.9992823   1.05692491  1.05110973 -1.00088573 -1.0046559
   1.30715871 -0.99965145 -1.0028156   1.30285129  1.00483589 -1.04882857
   1.00455201 -1.30446725 -1.03007127  1.00140336  1.00135994 -1.00522714
   1.00158907 -1.00374226 -1.00207681 -1.0000063   1.00189102  0.99917157
  -1.00429226 -1.01319686  0.99700667  1.00439261 -1.13608705 -1.08043313
   1.00134428  1.00180678 -1.3034706  -1.00384033 -1.00202398 -1.00266012
  -1.00242573  1.00076719  1.00510012  1.00334838 -1.30184663  0.99920235
   0.9985604   1.00016485 -1.12311349  0.99844136  1.00358839  1.00119354
  -1.00169768  0.99746797  0.99887542  1.00105421 -1.00790003  0.99940264
   1.00188719  1.00156519  1.00212807 -1.30241502 -1.30419567  1.00018765
   1.00073059 -1.3028538   1.08245167 -0.99789485  1.00287503 -1.30545673
   1.00386039 -1.30411649 -1.30688497  0.99778904 -1.30158111  1.00414724
  -1.19307681 -1.04592924  1.00416146 -0.99790895  0.99945024  0.99973932
   1.00177367  0.99843849  1.00496803  1.00424254  1.00251558  1.00549933
  -1.30650551 -1.30581002 -1.30224616  0.99876234  1.00147416  1.00006022
   1.14045199 -0.99816989 -1.15135862 -1.30678977 -1.30137141 -1.30358953
  -1.30338979 -1.30270887  0.99895417  1.00014366 -1.07731735  0.9986175
   1.00507503  1.00344098 -0.99720529 -1.00490243  1.00236415  1.00268039
  -1.01652633  1.00034184 -1.17927943 -1.30327186  1.00415981  1.00420455
  -1.27901205 -1.30222    -1.29658861  1.11265287 -1.0027229   1.30325889
   0.99752476 -1.30176374 -1.30718416 -1.30421423 -1.30763069 -1.3030942
  -1.27575083  1.00079676 -0.99907246 -1.00126718 -0.99767392 -1.0031192
  -0.99744899  1.00308196  0.99715356  1.00514961 -0.99961373  1.0036714
  -1.05745508 -1.10521747 -1.05303132  1.00260508  1.00113001 -1.00251754
   1.11384837  1.30250859 -0.99901912 -0.99988213 -1.02518706 -1.30609495
   1.00544999  1.00441133  0.99795901  0.99711033  1.00379262 -1.00113182
  -0.99934098 -1.00545701  1.03292398 -0.99883779 -1.00034368  1.00173422
  -1.00293483 -0.99952404  1.00327062 -1.00888323 -1.05493807  1.00166482
   1.00315916 -1.00008401 -1.00464198 -1.00092436  1.30341047 -1.00343573
  -0.99942917  1.30615561  1.00802864 -1.3057988   1.00190517 -1.30283721
   1.0039931   1.00215789 -1.02679389  1.30295828 -1.00527188  1.30656597
  -1.00314147  1.00497513 -1.00352462  1.00046729 -0.99728427  1.00370186
  -1.00397551  1.00217405  1.00089877 -1.0291432  -1.00129891 -0.99800002
   1.30550055 -1.0020171  -1.00369454  1.30531149  1.30750097  1.30641604
  -0.99883119  1.29272143  1.00035959 -1.00477418  1.0783274   1.04824484
  -0.99925393  1.29184782 -1.00508256  1.30781694 -0.99912903  1.00150429
  -1.00392264 -1.00230953 -1.0021123  -1.00240884 -1.0039462  -1.00842259
   0.99724854  1.001514    1.3074644   1.30240219  1.30356191 -1.00161721
   1.30640337 -0.99798116 -1.00364975  1.30470806  1.04043225  1.00265939
   1.07768516 -1.00540793 -1.00206642 -1.0024716   1.08341881 -1.00325224
   1.30477602 -0.99967426 -0.99778348 -1.00474649  1.00281852  1.00378647
   0.99993391  1.00232589  1.00221521  1.00377421  1.00056316  0.99934718
  -1.00185619  1.30187437 -1.00318274  1.30366477  1.30458336 -0.99715025
  -0.99716689  1.19466854 -1.00619081  1.01091626 -0.99854027  1.30655064
   1.30702699 -1.00445052  1.00397568 -1.00572543  1.02858297  1.23741706
  -1.00353965 -1.00098704 -1.00151932  1.00330162  1.0020597  -1.00305961
   0.99806945 -1.0043673  -1.0180589   0.99843322 -1.00128919  1.30762475
  -1.00120363 -1.00170128  1.30479451  1.30159255 -1.00358628  1.00482015
   0.99924128  1.08244688 -1.00347231  1.27339512  1.21254424  1.09982471
   1.0008658   1.00096897  1.00870963 -0.99947862  1.16394632 -1.00194745
  -1.00108351  1.00358995 -1.00029808 -1.00428497  1.00211571 -0.99927171
   1.00431511  1.0010751   1.30724019  1.30420925  1.30268987  1.13599049
   1.3063388  -1.00218444  1.11304031  1.00266414  1.00409235 -1.00290064
  -1.00059394 -1.00199227  1.30259752 -1.00287558  1.07620573  1.03105163
  -1.00384241  1.20282091  1.06708383 -1.00406039  1.0026754   0.998754
  -1.00413435  1.00127144 -0.99912968  1.00172639  1.19472086  1.00163229
   1.22474881 -1.0015609   1.30202523  1.30492864  1.30207259  1.30527307
   1.30520861 -0.99960695  1.30294494 -1.00467481 -0.99928497  1.30657797
  -1.00128846  1.30436337  1.22816355 -0.99899548 -0.99916039  1.12011929
  -1.00087781 -1.00555384 -0.99927143  1.00087682 -1.30740718  0.99929912
  -1.30137838  1.00089538 -1.0029927   0.99948206 -1.0007137  -1.00507421
  -1.00520439  1.30268466  1.30316529 -0.99886621  1.30354179 -1.0041337
  -1.00381701 -1.0049034  -0.99925341 -1.00016302 -1.00041429  1.30624609
   1.30208062 -1.00478299 -0.99959937 -1.00349352 -1.00291567  0.99740384
  -1.00452745  1.00228376  1.00425605  0.99766084 -1.002011   -1.00324671
  -1.00393562  1.00168213  1.02919356  1.25004356  1.30153452  1.30711146
  -1.00365693 -1.00437939  1.30793373  1.30444966 -0.99829362 -1.00435828
  -1.00053117 -1.0026494  -1.00309107  1.27508036  1.07418122 -1.002675
   1.02027634  1.00427132  1.00073392  1.00107289 -1.00248308  1.00026782
   1.00263033 -0.99840516  0.99920757  1.00134605  0.99796631  0.99877753
  -1.01779171 -1.01992716  1.00444766 -1.0016138  -0.99963424  1.30740311
  -0.99995269  1.30721661  1.30434432  1.30684102 -1.00328971  1.30567501
  -1.00016343  1.00271582  1.00227385  1.00076584 -1.00049988 -1.00106201
  -1.00015202  1.00221579 -1.00136572  0.99766997  1.00182756  1.00115991
  -1.00158234 -1.30628561  1.00027207  0.99895921  0.9982453   0.99868318
  -1.1920461  -1.0640044  -1.00189869 -1.00099388 -0.99961443  1.12010292
   1.00160025  1.00394898 -0.99858681 -1.02696143  1.002236   -1.11090505
  -1.05111846  0.99976412  0.99843865  1.00360346  0.99978274 -0.99922825
  -0.99730712 -0.99783342 -1.00107353  0.99850328  1.0017009  -1.00331334
   1.00256173 -1.09496512  0.99850015 -1.30502033  1.00447854  0.99943153
  -1.26006331 -1.30769704  1.00482376 -1.30536979  0.99857014  1.00407701
  -1.30583988 -1.19379406  1.00058944  1.00296288  1.00354303  1.00020917
  -1.00256814  0.9981559   1.00362095  0.99713055 -0.99721631  0.99967689
   1.00483682 -1.0029088   1.00255057  1.00192507 -1.02277077  1.00367115
   0.99747168  1.00447193 -1.12470778 -1.0941488   1.00493268  1.00034893
  -1.30250981 -1.30485151  1.00372987  1.00282895 -1.3028905   0.99880072
   1.00309436 -1.08456492  0.99983107  1.00423231  0.99885255 -1.2454497
  -1.00307757  0.99976956 -1.00266151  1.00008774 -1.00292354 -0.999303
  -1.00241566 -0.99748376  0.99974755  0.99979732 -1.06334115 -1.04853033
  -1.04427498 -1.0245568  -1.23568626 -1.30142926 -1.28929294 -1.30775163
   1.0003842   0.99775429  0.99947109 -1.08193077 -1.06609312  1.00012495
  -1.02635461 -1.01023006 -1.00582756  1.00027999  1.00139702  1.00422885
   1.00204026 -1.00479707  1.00373426  0.99868704  0.99893949 -0.99871615
   1.00214596 -1.00490921  1.00174439 -1.00336362 -0.99881104  1.00530162
  -0.99807108 -1.0077916   1.00415517  0.99841144  0.99723145  1.0037477
   1.00151145  0.99720812  0.99780966  0.99927713 -1.00858157  0.99771864
   1.00211729  0.99822253 -0.99782445  1.00114093 -1.00388333 -1.00418245
  -1.0004127   1.00129755 -1.00398566  1.00311482 -1.00339248 -0.99721897
  -0.99814661 -1.00394319 -1.00472234 -1.00315729  1.00469487  1.00487109
   1.00298108 -0.99999811  1.00175903 -0.99852521  0.99985258 -0.99857949
  -1.0008984  -1.00569705 -1.0042147  -1.00143358  1.00226102  1.00147558
  -0.99828723 -1.00340415 -1.00359662 -1.00254214]]
boundary point: 2, \gamma_p is [[ 1.          1.00928029  1.00802662 -3.04363587 -1.00192435 -3.05822861
   3.04760344  1.00673637  1.00681251 -1.00474233 -1.00461227  3.05356793
  -0.99962447  1.01120226 -3.05044279 -3.0534222   3.05274404  0.99521862
   0.99448611 -1.00192311 -0.99934749 -1.00270692 -3.05786758 -3.04500101
   3.06343197 -3.05763213  3.04329026 -1.00638652  0.99442436  3.06314417
  -3.04455924  0.99690928 -3.04165753  1.00332857 -1.00409788 -3.04714696
  -0.99560484 -1.00661876  3.04969339 -3.05454055  1.00823607  1.00612839
  -0.69864778 -3.05274999 -1.00997477 -3.05688794  3.04954318 -1.0030596
  -1.00580008 -1.00232774 -1.00619227 -3.67062534 -3.04304723  3.35846295
  -3.04970689  1.00553963  1.0150366   3.0598633   1.00822551 -3.0642493
   1.00170097 -3.06087681  3.04861361  3.05150087 -3.05260613 -3.05968757
   3.11806767  3.07725108  3.10669884  3.23265216 -3.05369057 -0.98001642
   3.74015364 -3.05721259 -3.05084007  3.07771957  3.05331587 -1.00837881
   3.04418102 -3.04479409 -3.05935493 -3.06290345  0.99997578  3.05151835
   1.00376707 -3.04929555  3.05622801 -3.06174907  1.00706039  1.00422455
   1.00564724  3.09896055 -3.04382814 -3.05708122  1.19967178 -3.04698285
  -0.96248757  3.75025405  1.61720463  1.62262181  1.62183433 -3.06191237
   3.53641908  1.12967711 -0.99582566  1.08538601  1.04519124 -1.00938402
   1.01032851 -3.04414322 -0.99402483  1.01332528 -1.00362873  3.05548868
  -3.67129856  3.0510301   1.00192034 -3.05039837 -3.0492035  -3.05312438
  -0.98935049 -3.05003562  1.32931029 -0.97354362 -3.05645577 -0.69507343
  -3.0512599  -3.0479883  -3.05254382  1.60862115  3.96291579  3.62988211
  -0.96570722  1.61339787 -0.98450136  1.02532742 -3.05565618  1.00619402
  -3.05448319 -3.0477901  -1.01026458 -3.06105088  0.99932284 -1.00763889
   0.99642289  1.00551471  3.05283622  3.14183477 -3.05957199  1.36477649
   3.36789051  3.65467363 -0.69465112 -3.05347085 -3.05169078 -3.06030872
   1.61635895  1.61993221 -3.05160887  1.35371553  1.30138785  3.21508947
  -1.0034647   3.08229701  1.004106    1.00515114 -3.0479154   1.00088778
   3.04760771 -1.00471766  0.99662869 -1.01255702 -1.00629995 -3.06711172
   3.05030444 -3.05060543  3.17425862  1.10837612 -3.05376678 -0.93303046
   1.62253079 -3.04737107 -0.69608778  1.61629648  3.36013855 -1.09795365
   3.05694322 -1.61437761 -3.10776552  1.00675026  1.00586608 -1.00809739
   3.05574246 -3.05616382 -3.05152016 -0.99874215  1.00328183  3.0524712
  -1.00915852 -1.02917999  0.99509167  3.06284546 -1.27847339 -3.21183059
   1.00776042  3.05408887 -3.66530483 -3.06125223 -3.05444049 -3.05694152
  -3.05849688  0.98110372  0.94952722  0.69522593 -1.60917494  3.04745621
   3.04715855  3.04735477 -1.24900002  0.99357053  1.00664949  3.0498499
  -1.00906142  3.04339807  3.05199539  3.04897955 -1.01492985  0.99645846
   0.9813151   3.05045327  0.71591891 -3.92591808 -1.62155747  0.69383197
   0.73581509 -3.6631781   1.15881075 -3.0898648   0.92120048 -3.97703029
   3.05445601 -1.6186046  -3.98331844  0.68449094 -3.97080165  0.90592343
  -1.3964779  -1.09451622  3.05604666 -0.9983313   3.05156526  0.69065417
   1.00194559  3.05093535  3.0643732   0.9930857   3.05384368  3.06409552
  -3.98168698 -1.62037909 -3.9703074   3.05057865  3.05005038  3.04734255
   3.33648182 -0.99547356 -3.66550102 -3.98366784 -1.6093483  -3.97608952
  -1.61699573 -3.97122937  0.69012846  3.04882617 -1.16222876  3.05050356
   3.06003136  1.00443595 -0.99147518 -1.00959322  3.05995014  3.05298162
  -3.08372209  3.05488476 -3.4443055  -3.82068819  3.05907934  3.05722462
  -1.56715211 -1.61024981 -1.60282602  3.27526201 -1.00575692  1.46986916
   3.04448938 -1.6164048  -3.98106799 -1.61566111 -3.98178973 -3.97700236
  -3.66131867  3.05084477 -3.05500959 -1.00505836 -3.04810758 -1.0083871
  -0.99450269  1.0102451   0.99129642  3.05840808 -3.05278135  3.06229609
  -1.12085087 -3.28323723 -3.18658522  0.95801397  3.0520662  -1.00755943
   1.1883596   1.60893334 -3.05821147 -3.06144916 -1.05544515 -1.62241483
   3.06166992  3.06249986  3.04582802  3.04439191  3.05945733 -1.00728363
  -3.04514137 -1.01170487  1.06424749 -1.0014206  -3.0494808   3.05864306
  -1.00709468 -1.00139205  1.00732637 -3.06528413 -3.1605861   3.04984826
   1.00090138 -3.04936207 -3.05964443 -0.98334486  1.61880451 -3.05629686
  -3.04666453  1.62071268  3.06552314 -1.61993508  0.69682026 -3.97287988
   3.05757453  0.87140077 -3.14014135  1.61850117 -3.06417826  1.62610138
  -1.00882391  3.06062858 -1.00660179  1.0049499  -0.99395456  1.00731403
  -3.05832244  1.00484073  1.00439846 -3.10758273 -1.00615855 -3.0493638
   3.70824704 -3.05651443 -0.69769112  1.6217793   3.98673385  3.80097237
  -1.00127911  1.28752873  3.04859835 -1.01246185  1.10213103  1.06538635
  -3.0476057   3.64723192 -3.06017698  1.62626779 -3.04606245  3.05165415
  -1.00692456 -3.0585198  -1.00878205 -3.05647246 -1.01261262 -3.06402694
   0.99211817  1.00732169  1.61999587  3.70524389  3.69719715 -0.69146448
   1.62011886 -3.04636589 -0.69951176  1.61782559  1.07502599  3.05244069
   3.20876151 -3.10967504 -3.05479133 -1.0054301   3.22701895 -3.05792376
   1.61535892 -0.98870409 -3.35436714 -1.01067114  1.00949641  1.0126777
   3.05045072  3.05518982  3.05823143  1.01093328  1.00232462  0.99741975
  -1.00669211  1.6170497  -0.82096244  3.97688544  1.61516153 -0.68732129
  -0.68573445  1.39487865 -3.11006083  0.90898076 -0.99868927  1.59611562
   1.61093421 -3.06651439  3.06312074 -3.06008433  3.10460899  1.48461996
  -1.00580832 -3.0514294  -3.05379182  1.01108392  3.05899315 -3.05791853
   0.99800432 -3.06196758 -3.08424764  3.05132536 -3.05627047  1.62880694
  -0.74992806 -0.69724402  1.61628221  3.85047854 -0.9875821   0.83010184
   0.90894268  3.21870434 -3.11190477  3.60344303  1.41395339  1.191205
   3.36170061  3.05495319  3.07054404 -0.99554507  1.3356494  -3.05752393
  -0.99976312  1.00524768 -3.05235295 -1.01087217  3.0589151  -0.9993634
   1.00791086  3.05610879  1.62596684  1.61405834  1.61697149  3.6349701
   3.98123535 -0.69679432  1.22485473  0.9463868   0.92221715 -1.00823401
  -1.00054103 -3.05451649  1.61613047 -0.73363227  3.20887705  3.11478681
  -1.00562845  3.46197182  1.1370201  -3.06140443  1.01100078  3.05056353
  -1.00734803  1.00000489 -3.05251206  3.05280556  3.44151129  1.00574034
   3.51043056 -0.69368143  1.60967268  3.98198821  1.61400817  3.97795902
   1.62081564 -1.00418516  3.66391299 -3.05678597 -3.04922646  1.62570876
  -0.69492733  1.61894439  1.45950313 -0.99161523 -0.98615344  1.24306991
  -3.04894111 -0.70019122 -0.99694084  1.00639901 -1.62296323  3.0511861
  -1.60811665  3.05470288 -3.06120766  3.05017153 -3.05178476 -3.06149099
  -3.05958058  1.61119054  3.97575401 -0.68648222  3.97579195 -0.99025964
  -0.7018748  -3.06170067 -3.04965453 -3.04974006 -0.69242117  1.62145234
   3.67659404 -0.99654528 -3.05240652 -1.00943751 -1.00936514  3.04630745
  -3.06108132  1.00780752  1.00885293  0.99545507 -3.05571364 -3.06126002
  -3.05627785  1.00708666  1.0630758   3.560559    1.61662426  1.62010215
  -3.05434787 -3.05697469  3.98689416  3.80817373 -0.68546317 -3.06038367
  -0.6925987  -0.69475757 -3.05474688  1.56299898  3.20346398 -0.69403498
   3.39987602  1.00591547  1.00659996  3.05641353 -3.05952819  1.0024509
   3.05449531 -0.99607103  1.00117634  3.05761524  3.05092968  3.04528928
  -1.03842403 -1.04310098  3.06161816 -3.05179217 -0.69093515  3.98282121
  -3.05376385  1.62552586  3.97748378  1.61947235 -3.05644575  1.61925332
  -0.99985733  3.05616346  3.05786126  3.05309283 -0.99980944 -3.05343206
  -3.05277711  3.05633973 -1.00288961  3.04644609  3.05676095  0.99948224
  -3.05317316 -1.62235803  1.00093631  3.04632803  3.05030219  3.05195315
  -1.38948743 -3.18005197 -1.00277708 -0.9991355  -0.6878063   3.29359676
   0.99249469  3.05982745 -0.99787321 -1.05281111  0.99217246 -1.22860919
  -3.15284903  1.0037841   3.04882897  1.00767619  0.99956372 -3.04993142
  -3.04333044 -0.99576143 -3.05571932  0.99759884  1.00293744 -3.05619202
   3.05864054 -3.24715469  3.04394349 -3.69260549  0.98624003  3.0503518
  -1.52455429 -3.98310644  3.06085988 -3.97664404  0.87217711  3.05923282
  -1.62019685 -3.4810652   3.05477042  3.05481018  1.00426388  0.68829102
  -3.05699381  1.00061061  3.06196115  3.04609209 -3.04823034  3.05158824
   1.00949893 -3.05353436  3.05773324  1.00347109 -1.04672111  3.37067753
   0.98384256  3.05848703 -1.25400196 -3.27246839  0.71487079  0.68879992
  -3.976116   -1.62120733  0.84253144  0.90855299 -1.61504822  0.96964452
   0.98502973 -1.16876336  0.99807171  1.00893595  0.99615301 -3.54909171
  -1.00382175  0.99912424 -3.05215699  3.05516322 -3.05728077 -3.04785536
  -3.05734422 -3.04699913  0.99864922  1.0033322  -1.13348492 -1.09690485
  -3.15312732 -3.41348858 -3.55517327 -1.61445099 -3.89567916 -1.62072605
   3.05416612  0.92328994  0.97259039 -1.1702988  -3.18971189  0.9970317
  -3.10818154 -1.02147485 -1.01339117  3.04877598  1.0043814   3.06119062
   3.05645965 -3.05726338  1.00844699  3.04690062  3.0509185  -0.99629804
   3.05463997 -1.00807521  1.00767379 -3.05390409 -3.04586916  1.01519263
  -3.04910588 -1.01303746  3.05928233  0.99428294  0.99122638  1.00623749
   3.05031685  3.04702596  3.35779919  3.05311929 -1.02294306  0.99571169
   3.05535545  0.68953603 -0.9948759   3.05416919 -3.06073622 -3.056442
  -3.05077436  1.00574777 -1.0050768   3.0556036  -1.00840241 -3.04361803
  -0.99398764 -0.69619578 -0.69941668 -3.05717187  3.06469739  3.05948383
   1.01034748 -3.05227208  3.05122898 -1.00266706  3.04995291 -3.04792562
  -3.04926488 -3.05864056 -3.0604757  -1.0055215   1.00600491  3.05599597
  -3.04821949 -1.0120999  -3.05977339 -1.00522742]]
boundary point: 6, \gamma_p is [[-1.         -1.00046382 -1.00051084 -0.99695721  0.99552931 -0.99688125
   0.99950568 -1.00021578 -1.00021607  1.00084179  0.99767973  1.00157778
   1.00138971 -0.99774597 -1.00191393 -1.00052489  0.99623313 -0.99955672
  -1.00080418  0.99857166  0.99628409  0.99635708 -0.99555702 -0.99498049
   1.00018726 -0.99879794  0.99709949  0.99972471 -0.99979871  0.99998308
  -0.99618441 -1.00135757 -0.99552571 -0.99509661  1.00274905 -0.99597466
   1.00127862  1.00019682  0.99448195 -0.99876409 -1.00118015 -1.00016731
   1.30127277 -0.99919332  0.99849002 -1.00035932  1.00204094  0.99484137
   0.99832043  1.0015449   0.9945488  -0.99982036 -0.99454427  1.29409547
  -1.00187402 -0.99943148 -0.99527751  1.00121283 -0.99727607 -1.00286339
  -0.99444356 -0.99922292  1.00221071  0.99699371 -0.99908274 -1.00230755
   1.00296679  0.99725784  1.00517178  1.01527267 -0.99451205  1.02445675
   1.06886737 -0.99907162 -0.99749297  0.99685451  1.00176139  1.00179174
   0.99446463 -0.99728878 -1.00271331 -1.00071896 -0.99974258  0.99523957
  -0.99904718 -1.00058894  0.99721569 -0.99988062 -1.00199843 -0.99849062
  -0.99512186  1.00357257 -0.99701459 -1.00099337 -0.99710612 -0.9976241
   1.03161508  1.07569086 -1.00105431 -0.99966923 -0.99814381 -1.00223794
   1.05119534 -1.00014813  1.01137793 -1.00160063 -0.9959508   1.00010772
  -0.99922833 -0.99521747  1.00226624 -0.99620216  1.00038449  0.99942413
  -1.002645    0.99839132 -0.99984971 -0.99780496 -0.99652205 -0.99995269
   1.01221483 -1.00119942 -0.99847672  1.03656754 -1.00038674  1.30005522
  -0.99770382 -1.00171677 -0.99613692 -1.00221252  1.29809767  1.30406936
   1.02988163 -1.00203962  1.00933496 -0.9985856  -0.99475037 -1.00184624
  -0.9986136  -1.00106854  0.99540753 -0.99878302 -1.00260111  1.00143682
  -0.9978384  -0.99504627  0.99503275  1.00294279 -1.00033176 -1.00134872
   1.01783765  1.049926    1.30067059 -1.00000109 -0.995021   -1.00189732
  -0.99586723 -1.0008949  -0.99974098 -1.00180179 -1.00167724  1.01871413
   1.00289225  1.00298411 -1.0016415  -0.99868576 -0.99874353 -1.00211414
   0.99836428  0.99938624 -0.99822881  0.99471845  1.00107348 -0.99500702
   0.99843135 -0.99989624  1.0065862  -0.99529906 -0.9998111   1.07446062
  -0.9998034  -0.99601517  1.30174641 -0.99737388  1.29059502  1.00095226
   0.99566745  1.0024348  -0.99480802 -0.99619238 -0.99696836  1.00242986
   1.00034776 -0.99650677 -0.99526973  1.00123832 -1.00053557  1.0019332
   0.99954971  0.99762004 -0.99887299  1.00173439  0.99732017 -0.99678423
  -0.99509124  0.99830633 -0.99832582 -1.00127219 -0.99822015 -0.99940149
  -1.00138012 -1.01993081 -1.05926035 -1.30363837  1.0023306   0.99698492
   0.99796242  0.99498553  1.000427   -1.00318838 -1.00060511  0.99538601
   0.99452115  0.99645461  1.00205427  0.99481291  1.00104892 -1.00227199
  -1.02193634  0.99524019 -1.2810618  -1.25439863  0.99490122 -1.29875577
  -1.25891194 -0.99747108 -1.00803364 -1.04089726 -1.08247341 -1.29820547
   0.99460912  0.99762267 -1.30151361 -1.30312312 -1.29978787 -1.09987421
   0.99484619  0.99857734  0.99556484  0.99749734  1.00050003 -1.30096753
  -1.00160612  1.00188394  1.0020871  -1.01511578  0.99666779  1.00076738
  -1.30067288  0.99923729 -1.297993    1.00089683  0.99502727  0.99518022
   0.9997548   1.00079769 -1.29887432 -1.3020421   1.00122331 -1.30097554
   0.99775572 -1.29797788 -1.29992953  0.99646138  0.99456439  1.00110965
   0.99764434 -1.00247131  1.00278975  1.00033089  1.00291804  0.99550221
  -0.99812135  1.00197464 -1.02816972 -1.15015178  0.9985237   0.99662777
   0.99819653  1.00202031  0.99813576  0.99498278  0.99976601 -1.14088386
   0.99740606  0.99512085 -1.29872958  1.00068433 -1.29855128 -1.30284326
  -1.04917591  0.99713906 -1.00460278  0.99757239 -1.00063775  0.99798523
   1.00032039 -0.99610091 -1.00286182  0.99591506 -1.0013624   1.00262308
   0.99567082 -1.01743705 -1.02628768 -1.04606269  0.99767141  0.99760382
  -1.04123122 -1.00387316 -1.0078286  -1.00927989  0.99569813  0.99781593
   0.99850086  1.00136062  0.9978532   0.99812938  0.99961712  0.99513639
  -0.99445518  0.99936798 -1.00239673  0.99632065 -0.9967044   1.00288802
   0.99888074  0.99770352 -0.99931797 -0.995244   -0.99718441  0.99445383
  -1.00535956 -0.99710143 -0.99812234  1.01805701 -0.99603374 -0.99724168
  -0.9957655  -0.99959459  0.99716439  0.99964787 -1.29923484 -1.29933301
   0.99738631 -1.12959117 -1.03283231 -0.99543648 -1.00129714 -0.99515315
   0.99760349  0.99842365  1.00052568 -0.99609863  1.00052935 -1.00018153
  -0.99814996 -0.99957515 -0.99748805 -0.99646242  0.99656282 -1.00121812
   1.03616816 -1.00025494  1.30191936 -0.9968883   1.30362584  1.1247287
   0.99644551 -1.29778214  0.99581298  0.99728194 -1.05512887 -1.03153906
  -0.99702877  1.00366245 -0.9977714  -0.99746111 -0.99577137  0.99653079
   1.00099705 -1.0016319   0.99561211 -0.99944052  0.99550009 -0.99492833
  -1.00224851 -0.99585394 -1.00287748  1.0393593   1.02922716  1.30388587
  -1.00066253 -0.99833366  1.30005657 -0.99954997 -1.00671789  0.9950165
   0.99921927 -1.04536874 -0.99847825  0.99958832  1.00569105 -0.99918957
  -1.00208815  1.01036558 -1.29889586  0.99897246 -0.99631039 -0.99512126
   0.99845879  0.99835428  1.0015371  -0.99679712 -0.99884647 -1.00122562
   0.99714321 -0.99471079  1.18077102  1.30160267 -1.00190009  1.29910338
   1.30068274 -0.99954779 -1.04419887 -1.11026057  0.99839507 -1.02434642
  -1.0108451  -1.00519571  1.00282594 -0.99641169  0.9946705  -0.99649806
   1.00132866 -0.99733311 -0.99858443 -0.99571716  1.00258653 -0.99956482
  -0.99813293 -1.00092881 -0.99560735  1.00227443 -1.00145449 -0.99460701
   1.24609178  1.29841925 -1.00122483  1.18250079  1.01918364 -1.17509713
  -1.08724449  0.99950694 -1.05136383  0.99742301 -1.01625491 -1.01076732
   1.29995663  1.00080301  1.00071298  1.00331219 -0.99660794 -1.00137631
   1.00237035 -1.00197437 -0.99959359  0.99786523  1.00239987  0.99918237
  -1.00081077  1.00171966 -0.99661558 -1.00223653 -0.99639728  1.2994651
   1.30056191  1.29981155 -1.00406823 -1.05751092 -1.08388629  0.99770286
   1.00064552 -0.99835682 -0.99703459  1.26527474  1.00225312  0.99971504
   1.00210179  0.99890241 -0.99892535 -1.000986   -0.99456165  1.00089857
   1.00100237 -1.0025058  -1.00205574  0.99721439  0.9949562  -0.99762867
   1.00283095  1.30161409 -1.00219818  1.3040801  -0.99806642  1.29947324
  -0.99762432  0.99514513  0.99800733 -0.99527172 -0.99854704 -0.99555949
   1.29986191 -0.997779   -1.00270464  1.00618813  1.0118367  -1.00029409
  -0.99512374  1.30315415  1.00154278 -0.99549501  0.99987257  1.00042893
   1.0024374   1.00070437 -1.00290246  0.99907892 -0.99821916 -0.99906848
  -0.99694959 -1.002021    1.30148626  1.30330942  1.30077981  1.0176551
   1.29808387 -0.99961011 -0.99902654 -0.99731382  1.30057824 -0.99905238
   1.0120727   1.01281131 -1.00102544  0.99770065  0.99663016  0.99941667
  -0.99974886 -0.99690043 -0.99977603 -0.99981054 -0.99948654 -1.00245194
  -0.99623611 -0.996415   -0.99617262  1.00173862 -0.99445436 -1.002077
  -0.99490549 -0.99603897  1.30292757  1.13562979  1.30317193 -0.99940298
   1.30063602  1.30271463 -0.99641168 -0.99448063  1.00097521  1.30346941
   1.29883396 -1.00266898 -0.99501701  1.00202102 -1.00227197 -0.99814024
   0.99707628  1.00067997 -0.99728885  1.0026528   1.00281076  0.99571193
   0.99768388  0.99734244  1.0004296  -0.99644907  1.30048622  1.30000591
  -1.00165063 -0.99699878  1.30084396 -1.00215678 -0.99767514 -1.00006786
   1.00046176  0.99853322  1.00106056  0.99939103  1.00117277 -0.99913683
  -1.00029536  0.99969234  0.99988058  0.99902628  1.00086945 -1.00279494
  -0.99785708  0.99824776 -0.99962473  0.99636553  1.00164833  1.00239269
   0.99962373 -0.99825327  1.00104264  1.00280503  1.30349641  0.99814073
  -1.01047436  0.9996691   0.99928227  1.00176885 -1.01204374  0.99619297
  -0.99718614 -0.99584634  0.99983078 -0.99963427 -0.99999621 -0.99934608
  -0.99670633  0.99985276 -1.00134319 -0.99938474 -1.00049579 -0.9973812
   1.0012516  -1.00251583  0.99494805 -1.02187245 -1.02225344  0.99935437
   1.00229569 -1.2997035   0.99894796 -1.29800071 -1.12175028  0.99883677
   0.99947387 -1.03533469  1.00137428  0.99672649 -1.00284053 -1.30419838
  -0.99963407 -0.9957636   1.00239627  0.99974641 -1.00166098  1.00007492
  -1.00029323 -0.99558989  1.00038938 -1.00041836  0.99942925  1.30316597
  -1.01075436  0.99733013  0.99870028 -1.02879794 -1.28762121 -1.30397838
  -1.30313335  0.99653745 -1.16083065 -1.09470842  0.99866784 -1.02721578
  -1.0206998   1.00250681 -1.00154573 -0.99964824 -1.00148348 -0.99963375
   1.00235231 -1.0003985  -0.99473582  1.00274775 -0.99921196 -0.99717518
  -1.00027664 -0.99993297 -1.00081797 -0.99635231  0.99498045  1.00138551
  -1.01097037 -1.30364837 -1.02483942  0.99636454 -1.25083898  1.00273303
   1.00119062 -1.07032577 -1.02566848  0.99580907 -1.00354329 -1.00313957
  -1.0025523   0.99927113  0.99845622  0.99614326 -0.99848851  1.00044498
   1.00015583 -0.99549558 -0.99914133  0.99746098  1.00087825  1.0010728
   0.99817368  1.0018237  -0.99596573 -0.99505214 -0.99621089 -0.99566204
  -1.00082646  1.0026791   0.99873068 -1.00243499 -1.00308388 -1.00132121
   0.99521335  1.00050338  1.30218898  1.00235639  0.99458517 -0.99967459
   0.99892759 -1.29906224  1.00069805  0.99969939 -1.00068439 -0.9959087
  -0.99782879 -0.99696047  1.00292226  0.99719972  0.9985099  -0.99716066
   1.00219987  1.30386768  1.30226714 -0.99864427  1.00294242  0.99751341
  -0.99580194 -1.00010708  0.99561343  0.99448866  0.99813422 -0.9986723
  -0.99539863 -0.99506067 -0.99977617  0.99744959 -0.9986123   1.00081894
  -0.99953578  0.99492945 -1.00031217  0.99992513]]
3  true MAPs are  [[2], [3], [1]]
We have collected all the required queries
the Oracle query times is 2**20.31677427999349
start recover nn under a subset of decision boundary points
we have found a solution
the model activation patterns of selected points are  [[2], [1], [3]]
selected w_2 sign is  1
recovered w_1 is  [[ 1.          1.0048153   1.00422035 ... -1.00340415 -1.00359662
  -1.00254214]
 [-1.         -1.00046382 -1.00051084 ...  0.99492945 -1.00031217
   0.99992513]]
recovered w_2 is  [[2.02608476 1.02608476]]
recovered bs are  [array([[1.12775684],
       [0.31574018]]), array([[-13.54419758]])]
start checking the prediction matching ratio
prediction matching ratio is  1.0

we have found a solution
the model activation patterns of selected points are  [[2], [1], [3]]
selected w_2 sign is  -1
recovered w_1 is  [[-1.         -1.0048153  -1.00422035 ...  1.00340415  1.00359662
   1.00254214]
 [ 1.          1.00046382  1.00051084 ... -0.99492945  1.00031217
  -0.99992513]]
recovered w_2 is  [[-2.02608476 -1.02608476]]
recovered bs are  [array([[-1.12775684],
       [-0.31574018]]), array([[-13.54419758]])]
start checking the prediction matching ratio
prediction matching ratio is  0.377162

6 models are checked, and 2 extracted models are final candidates

Process finished with exit code 0
