true weights are 
[array([[ 0.34791384, -0.34693006,  0.34702568, ..., -0.34691068,
         -0.34784228,  0.34831457],
        [-0.34846622, -0.34841813, -0.34730899, ...,  0.3486406 ,
          0.34692629,  0.34717922]])
 array([[-0.09210245, -1.53654211]])]
true biases are 
[array([[0.00941047],
        [1.16893159]]) array([[2.89897918]])]
when the recovered model is correct: 
expected w_1s are: 
[  1.          -0.99717235   0.99744717  -1.00012113   1.00328456
  -1.00048889   0.99819773  -1.00100341   0.99801681   1.00326856
  -1.00323045  -1.00309495   0.9974956    1.00272927   0.99712006
  -1.00170843   1.00190696  -0.99506226   0.99730805   4.37717439
   1.00159358   0.9955917    0.99906583  -0.995835    -1.0003894
   0.99986966   0.99786063  -0.99981047   0.99980232   0.99850897
   0.99831284  -0.99948585   0.99502441  -1.0030759   -0.99618022
   1.00301746  -0.99586562  -0.99851025   0.99774043  -0.99801172
   0.99921454   0.99583776  -0.99654577   1.00315828   1.00185809
   0.99902611  -0.99735018   1.0020215    0.99683585   0.9987427
  -1.00058429   1.00016688  -0.99743806  -1.0007823    0.99558569
   0.99509332   0.99565005   0.99723492   1.00171678   1.00303487
   1.00014402   1.00258707   0.99775777   1.00132688  -1.00243742
  -0.99539062   1.00156453  -0.99898535  -0.99681793  -0.99943142
  -0.99843158  -0.99796285  -0.99767317  -1.00236052  -0.99580094
   1.00308805   1.00165396  -1.00304058  -0.99821088  -0.99641362
   0.9998096    1.00270668   1.0006359   -0.99660729   0.99953674
  -1.00191784  -0.99941483   0.9957117   -0.9952018   -0.99687251
  -0.99662478  -0.999074    -1.00302087  -1.00084411   0.99824408
  -0.99687517   1.00314377   1.00323434  -0.99506037   0.99959123
   1.00311937  -0.99842466   0.995582    -0.99972557   0.99621134
  -0.99611186  -1.00045422  -0.99675201   0.99927639   0.99742155
  -1.0013916   -1.00311542   1.00024301  -0.99684871  -1.00143779
   1.00194927   0.99856623   0.99723021   0.99847155   1.00139952
   0.99584262  -0.99852124  -1.0015062   -0.99760923   1.00258522
  -0.99841472   0.99688997  -0.99807115   0.99859163   0.99791357
  -1.00182772   0.99726757   0.99881503  -0.99802459  -0.99573618
  -0.99942345   1.00126644  -0.99967148   0.99819447   0.99836373
   0.99651811   1.00121116  -1.00125262  -1.00306088   0.99862896
   0.99518174   1.00116441  -0.99999085  -1.00132535  -0.99942372
  -1.00130059   1.00182945   1.00189639  -0.99567213  -0.99889685
  -1.00174054  -0.99862623  -0.99956717  -1.00077407   0.99847272
   0.99552188  -0.99785716  -0.99551691   0.99721369   0.9970455
   0.99942865  -0.99601816   0.99823841   0.99578712   0.99758826
   0.99639179   1.00327419   0.99778984  -1.22902829  -0.99714013
  -0.9981609   -0.99783469  -1.00047918  -0.99873692  -0.99693346
  -1.00234087   0.99990786  -0.99550809  -1.00145446   0.99904336
  -1.95718809  -0.99548642  -1.00047648  -0.99995593  -1.00046772
   1.00182013   0.99603874   0.99524921  -0.99697416   0.99505764
   0.99521388   1.0023284    0.99655299   0.99528045  -0.99815827
  -1.00101248  -0.99718853   1.00183878   0.9962233    0.99532625
  -0.99584033  -1.0013229   -0.99724925  -0.995189    -0.99599259
  -1.00216636   1.00030148   0.99773842  -1.00044005   0.99684575
  -1.00164799   1.00007615  -1.00157272  -0.99535688  -1.00304332
  -0.99950621  -0.99507093   0.99604075  -1.00023826   0.99524314
   1.00320238   0.99955367  -0.99782324   1.00102087   0.99588382
  -1.00126585  -1.00238054  -1.00077436  -0.99993021  -0.99989579
   1.00327079   0.99691158   0.99858288  -1.00106153  -1.00266031
   0.99813877   0.99797879  -1.0027798   -0.9988678   -0.99618727
  -1.00318451  -0.99820668  -1.00182549   0.99801381   0.9957797
  -1.00105578   0.9979986    0.99726308  -1.0003371    0.99765463
   0.99695751  -1.00090161  -0.99772142  -0.99748192   0.997186
   0.99731759  -0.99602093  -0.99927393   0.99914996  -0.99506455
  -0.99596542   1.05160542  -1.00102527  -1.00158006   1.00164139
   0.99761188  -1.00031187  -0.99649484  -0.9998804    0.99932136
   0.99832336  -4.74084654   1.0012298   -1.00073804   0.99628805
   0.99535235   0.99625484   0.99812511   1.00306886   1.00302126
   1.00256223  -0.99886191  -0.99677436   0.99906808   1.00211058
   0.998556     0.99528358  -0.99676563  -0.99866702   1.00168745
  -1.00122178  -0.99713492  -0.99697123   1.00015026   1.00069561
   0.9958525   -1.00295859  -0.99818996   0.99601902   0.99655763
  -1.0031504    0.99532166  -1.00066236   0.99599131  -1.00234938
   1.00171635  -1.71720416   0.99913006  -1.00147662   0.99509949
   0.99568385  -0.99906148   0.99639716   1.00254944   0.99968809
   0.99938595   0.99676184  -1.0025581    1.00312362  -0.99937294
   0.9959718   -1.00121763  -1.00142206  -0.99761741   1.00193872
  -1.00311314  -0.99933603  -0.9971408   -0.99672686  -0.99932318
   0.99661007  -1.00054362  -0.99730715  -1.00103722   0.99621994
  -1.00232668   0.99849553  -0.99817286  -0.99608723  -1.00019295
  -1.00026179  -0.99731438  -1.00115252   1.00158268  -0.9967527
   1.00165144   0.99880545   1.00060157  -1.00233002  -0.99963368
   0.99623754  -1.00143769   0.99888853  -0.99752378  -0.99635606
   0.99584622  -1.00301136  -1.00324785  -0.99900603   1.00002565
  -1.0013818   -1.00140602  -0.99595472  -0.99520962  -1.0014628
   1.00045476   0.99712431  -1.00268666  -1.00036356  -0.99914019
  -0.99557822   1.00166482   1.00177851  -1.00268507   1.00027526
  -0.99715221  -1.00267693   0.99820861   1.00025615  -0.99567884
   0.99768263   1.00110245   1.00108436  -1.00305776  -0.99768388
   0.99957302  -1.00301736   0.99568891  -1.00032451  -0.99997939
   0.9979267   -1.00159045   0.99649997  -1.00236423  -0.99657423
  -0.99881624   0.99511136  -1.00304445   1.00043934  -1.00159171
   1.00092414   0.99846843  -0.99856387  -0.99726652  -3.11366953
  -1.00253378  -0.99682163  -1.00272097  -0.99839625  -1.93910502
   0.99822287  -0.9960804   -0.99879311  -0.99549596  -0.99591543
  -0.99922882  -0.9970318    0.99859963   0.99529593   0.99510934
  -1.00059909  -0.99994181   0.99827088   1.0005197    0.99987771
   0.99512141  -0.9955873    1.00264057  -0.99993849   0.99803747
  -0.99950375  -0.99516527   0.99809869  -1.00187049   1.00152968
  -0.99534247   0.99984755   0.9959173   -1.0027205    0.99620639
  -1.00049221   1.00058973   1.0027648   -0.99681663  -0.99917237
  -0.99540613   0.99829542   0.99576095   0.99918153   0.99668211
  -1.00095543  -1.00296865  -0.99581207  -0.99922569   0.99942095
   0.99691522   0.99574892  -0.99578046  -1.00274173   3.05076124
  -0.99867864  -1.00234434   0.99556403  -0.99686852  -1.00306145
   1.00156215  -0.99804324   0.99900049  -1.00315476  -1.0030302
  -0.99746363   0.9966423    1.00304027   1.00085678  -1.00301723
  -0.99813434   0.99825513  -0.99502912   1.00154371  -1.00233476
   0.9966545   -0.99611456   1.00181982  -0.9990352    0.99925528
  -0.99657974   0.99899614   0.99527936   0.99764368  -1.00135757
  -0.99567133   1.00177321  -0.99759705   1.00209132   1.00141967
  -1.00313763   1.00296188  -0.99871991   0.99533339  -1.00302439
   1.00303988  -0.99822567   0.99634003  -1.0009265   -1.00072419
   1.00078058  -1.00201176  -0.99925346   0.99760877   1.00195622
 -16.20548307  -0.99513044  -0.99865256   0.99560303   0.99981121
  -1.00100583  -0.99727925   0.99792927  -0.99565707   1.00323122
  -3.71115903  -0.99650072  -1.0025148    1.00278266   1.20261154
  -0.99798017   0.99908573  -0.99729201  -1.00176467   1.00051403
  -0.99670842   0.99603269  -0.99700315  -1.00198497   0.99611341
  -0.99552865  -0.99653129  -0.99786848  -1.00278977   1.00285742
  -1.00106477   0.99781999  -0.99587161   0.99651338  -1.00205625
  -0.99945829  -0.99860827   0.99977163   0.99776071   1.00239001
  -1.00113865   1.00032911  -1.00304406  -0.99620575  -1.00306005
  -0.99699637  -1.00291069  -1.00301864  -0.99955967  -1.00144042
   0.99760661   0.99760682  -0.9975065    1.00327007   1.00241522
  -1.00207049   1.0018137    1.00220561  -0.99943959  -0.99804593
  -1.00302174  -0.99970037   1.00026337  -0.99500273   0.99549821
  -1.00096663   0.99511738  -1.00323139  -0.99562161  -0.99590729
  -0.99638207   1.00010805  -0.99595908   1.00257055   0.99592205
  -1.00148042  -0.99615657   1.00313987   0.99786498  -1.00029037
  -1.00155544  -1.00042178   1.00233188  -1.00130209   1.00067476
  -1.00203227  -0.99713228  -1.00062532  -0.99630922   0.99691219
   1.41352831  -1.00007953   1.00072009  -0.99516897  -0.99942922
   0.99715907   0.99960895   1.00322416  -1.00163793  -0.9991845
  -0.99550559  -0.99556054   0.99526151   1.00110696   0.99927413
  -0.99557081  -1.00173909   0.99519935  -1.00286536  -0.9959568
  -1.00203442  -0.99960108  -0.99961549   0.99954947  -1.00312736
   0.99645727   1.00205415  -1.00267944   1.00145267  -3.83925316
  -0.99978485  -0.99763327   2.03061564   1.00000821  -0.99767035
   0.99852524   0.99731566  -1.00173751   0.99618923  -1.00146461
  -0.99737474  -0.99786595  -1.00072939   0.99516957  -0.99576849
   0.99650458  -1.00320144  -0.99511921  -1.00040005   1.00325746
   0.99508471  -1.00284047  -0.99802038   0.99842977   0.99717986
  -0.9952615    0.99861483   1.00301306  -1.00010453  -0.99501753
   0.99694809   0.99717719  -0.99590767   0.99559839  -0.99545515
  -1.00114553   0.9986142    0.99540373   0.99596994  -1.0001282
   0.99830591  -0.99893429  -1.00253054  -1.00174724  -0.99919604
  -0.9977758    1.0009103    0.99879716   1.00103321  -0.99745083
   0.99933137   1.00003509  -0.9991217    1.00209575   0.99958429
  -1.00192958   0.99736694  -0.99567801  -0.99524746  -1.0022403
  -1.00311909  -0.9962139   -2.28129003   1.00094871  -1.00324798
   1.00258408  -1.00315507   1.00210317  -0.99532408   1.00224504
   1.00027742   1.00159176   1.00208624   0.99511894   1.00105823
  -0.99504019  -1.00265898  -0.99766025   1.00154363  -1.61050522
  -1.00069682  -0.99597477  -0.99736437  -0.99681263   0.99883196
  -0.99769963   1.00142909  -0.99858299   1.00305984   1.001931
   1.00116233   0.99614084  -0.99697221  -0.99803642  -1.00306689
   1.00155864   0.99813445   1.00125381  -1.00070818   4.29538965
   0.99652877   0.99789809   1.00009565  -1.00054935   0.99798728
  -1.0018436    0.99544077  -0.99880006  -0.99651073   1.00133612
  -1.00253431   0.99807254  -0.9969092    1.00103082   0.9972941
   1.00306159  -0.99809319   0.995286     0.99783711   0.99765189
   0.99698034   0.99929379  -0.99922444   0.99698391   0.99700608
  -0.99736633   0.9958063   -1.00099183   0.9962802    0.99911946
   0.99851629   0.99965762  -0.99749043   0.99763999   1.10458247
   0.99705132  -0.99538629  -1.00288205   1.00078678 -16.20579819
   0.995387    -1.00059718  -0.99560855   1.00022601  -0.99535627
  -1.00320639  -0.99711664  -0.99979433   1.0011518 ]
[-1.         -0.99986202 -0.99667908  0.99356787 -0.99441822  0.99453638
  0.99939839  0.99379998 -0.9944417   0.99386033  1.0014411  -0.99404965
  0.99585731  0.99704696 -1.00149315  0.99704528  0.99484798 -0.99766072
 -0.99532577  0.99474047 -0.99665421 -1.00106776  1.00080719 -0.9948701
 -1.0003178  -0.99585858 -1.00008269  0.9969178  -1.00012868 -1.00167691
  1.00084771  1.00123779 -0.99952254  0.99462218 -1.00124548  0.9975215
  0.99372374  0.99348391  0.99780685 -0.99671573 -0.99605619  1.00116742
  1.00150052  1.00007514  0.9983676  -0.99850225 -0.99591917 -1.0013945
 -0.99918097 -0.99571385 -1.0010216  -0.99985434  0.99520645  0.99738224
  0.99645942  0.99985506 -0.99744772 -1.00074704 -0.99542895  0.99632748
 -1.00143395 -0.99935297 -1.00048731  0.99557998 -0.99782287  0.99427981
 -1.00144445 -1.00166268  1.00144744  0.99621151  0.99925481 -1.00165868
 -0.99578718 -1.00066166  0.99534307 -0.99368143  1.00066149 -0.99842497
  0.99955224  2.9275852   1.00008442 -0.99970272 -1.00145898  0.99658124
  0.99563522  0.9976603  -0.99356133 -0.99729164  0.99468203  0.99473278
  0.99739475  0.9986052   0.9956131  -0.99663272  0.99803386  0.99452425
  0.99361342  0.99815816  0.99846735  0.99665121 -0.99967319  1.00144137
 -0.99653167 -0.99414032 -0.99874651  0.999882   -0.99843226  1.00154185
 -0.99857633 -1.71594524 -0.99870921 -1.00146056  0.9944596  -0.99490419
 -1.00171177  0.9955166  -1.00079286  0.99710204  0.99533322 -1.00107342
 -0.99772847 -0.99756252 -0.99928257 -0.99437127  0.99536264 -1.16693273
  0.99367555  1.00113405 -1.0973118  -0.99764889  0.99777676  1.00130067
  0.99417982 -0.99903338  0.99681652  0.99665248  0.99946147 -1.0003296
 -0.99466363  0.99886825 -0.99690922 -0.99535221  0.99611624  1.4361149
  0.99363835 -1.00106029 -0.99991988  1.00095312  1.00062484  0.99683677
  0.99675763 -2.14650586  0.99487898  0.99863354  0.99819398 -3.99374982
  0.99877585  1.00048228 -2.0685074   1.00070864 -0.99550146 -0.99751098
 -1.00096454 -0.99920394  0.9967759   0.99869968  0.99531066 -0.99545648
  0.99559977 -0.9955761   1.00133817 -0.99696407 -0.99655506 -0.99388772
 -0.99728706  0.99367575 -0.99863811 -1.2302008  -2.05309768  1.00081833
  0.99932865  0.99942291  0.99872092 -1.86553429 -0.99418513 -0.99353156
  1.07905173  1.00001066 -1.27941182 -1.23823358 -0.9990682   1.00032857
  0.99504519  0.99521828  0.99880802  9.06697757 -0.99648522 -1.00142466
  0.99461912 -0.99525589  0.99534604 -0.99845302  0.99504874 -1.00160239
 -0.99718311  0.99651338  0.99650827  0.99688813 -1.00026335  1.30835783
  1.90606523  2.00566089  1.49836696  1.33246962 -0.99344463 -0.99439747
  1.0011521   0.99464575 -1.25433076 -0.99909236 -1.00088342  0.9987023
  0.99941815 -1.0001066   0.99474908  0.99724458  0.99503918 -0.99654057
 -0.99682268  0.99383752 -1.00176235 -0.99829813 -0.99757077 -0.99471245
 -1.00091508  1.12861962 -0.99403196 -0.99523541 -0.99916776 -0.99474448
  1.00110035  0.9952181   0.99610291 -1.0003004   0.9959529   0.99757974
  0.99724507  0.99697818 -0.99622498  1.00150549 -0.99769321 -0.99857084
  0.99958154  0.99668554 -1.00137381 -0.99919819  1.00097836  1.00150365
  0.99611888 -0.99947716 -1.00024947 -0.99892429 -1.00152237 -0.99496528
  2.40327255 -1.00035427 -1.00003875  2.27427194  0.99568292  0.99734743
  0.99796256  0.99963347 -1.00068134  1.00181754 -1.52856261 -1.27199859
 -1.09639652  0.99695211  0.9967294  -1.0008142  -0.99463548  0.99847369
  1.00079642 -0.99425401  0.99985471  0.99856579  1.41811063 -0.99494732
 -0.99906111  0.99692408  0.99977616  0.99516444  1.57600981  1.12452399
 -0.99734284 -0.99668203 -0.99400989  1.21190003 -1.00110666  1.94553357
 -0.99940117 -1.42174792 -1.3989374   0.9956198  -1.05671005  0.99603062
  0.99427833  0.99501853 -0.99583004 -0.99582386 -0.99677649  0.9962246
 -0.99396847 -0.9982544  -0.99681979 -1.0011099  -0.99909403  0.99511088
  1.00144282 -0.99733064 -0.99476014  1.0004552   0.99898858  1.80180013
 -0.99725965  2.31302301 -0.99930511 -0.99585176  1.0007991   1.00057387
 -1.4210793  -1.33562153 -1.12594463  1.00038133  0.99501553  1.00007536
  0.99537585  0.99676121 -1.00140586 -0.99790323 -0.99483768  1.40095051
 -1.00158108 -0.99438311  1.89410195 -1.97516555  0.99942679 -0.9972875
 -0.99713323 -0.99462767 -0.99703978 -0.99869858  2.14338378  2.80436854
  3.2369621  -0.99776813  3.06999978  0.99670938  1.00007245 -1.16661767
  0.99985908 -0.99574681 -1.00081075  1.00048266 -0.99891554  1.00112745
 -0.995851   -0.99430334 -0.99433262 -0.99358796  3.18004692 -1.0013586
  2.33041172  1.00006934  1.00065504 -1.02939323  0.99870335 -0.99608886
 -0.99665303  1.42525374 -0.99835593 -0.99641213 -0.99813965  1.91907785
  0.99426462 -1.29508947 -1.1187511   0.99606903  0.99684672  1.00106072
 -0.99977313 -0.99643153  0.99401693  0.99729269 -0.99926517  0.99420988
  1.04633767 -0.99420502  3.19923436 -0.99809497 -0.99980324  1.6495601
  0.99937549  0.99843024 -1.98645068  0.99586524 -1.62996702  1.00086153
  2.57154724  4.12097189 -0.99637867  2.05756059 -0.99759337  6.74391027
  1.00076463 -0.99523076  0.99478739 -0.99346734 -0.99945545  0.99957725
 -0.99782525 -0.99354846 -0.99946577  0.9962821  -0.99894337  1.63405653
 -0.99704816 -0.99472693 -0.99652495 -0.99508999  1.18835445 -1.18589329
 -2.40517915  0.99724123  0.99785035 -0.9969072  -0.99909889 -0.99828269
  4.0607833  -0.99702051  1.11811527  0.99946204 -0.99891742 -0.99978171
 -0.99424591  0.99536849 -0.99411891  1.0005138  -0.99837471  0.99560566
  0.997341   -1.00066202  0.99382632 -1.00149875 -0.99884567  2.06557116
  2.71950859 -0.99759527 -1.00090914 -1.00052721  1.001529    0.9949608
 -2.11787265  1.13596659  2.46576079 -0.99938769 -0.99448048  2.38146421
 -0.99833278 -0.99425839 -0.99661249 -0.99720487 -0.99552786 -0.99396011
  0.99488284  0.99713638  0.99568661  0.99737383 -0.99977198  0.99454642
  1.00146082  0.99689487 -0.99850299  1.00009501 -0.99658268  0.99970218
 -1.00151714 -1.1899237  -2.33610029  0.99764855  0.99600084 -0.99653141
  1.24641883  3.05220106 -0.99591279 -1.00059299  1.00081745  0.99426075
 -1.20159905 -0.99512437 -0.99571264 -0.99392212  0.99892674 -0.99475318
 -0.99516107  1.00160304  0.99390829 -0.99886719 -0.99699724 -0.99494774
  0.99881764 -1.89036282  0.99405576 -1.66138611  0.99990066  0.99635081
 -2.27211311 -1.78317888  0.99802357  0.99853178  0.99864326 -0.9993336
 -0.99382021 -1.00153157 -1.00157846 -1.04342611  0.99430797 -0.99588128
 -0.9947711   0.99806767  1.00007074 -0.99516927 -1.00162086 -1.00150024
 -1.0007561  -1.00018143  1.00085412  0.99374224  0.99737067 -2.04593684
 -2.14920646  0.99355266 -2.15756175 -1.82546988  1.00052112 -1.17631669
 -0.99517174  0.99797125 -1.37377302 -0.99921571 -0.99911547 -0.9957932
 -1.00229308  0.99767757 -1.22101533  1.23007796  0.99816836  1.001052
  0.99881382  0.99380113  1.00115726  0.99606735 -0.99805917  1.00125722
  1.19742799 -1.1912106  -1.93829797  0.99704884 -2.65389359 -2.45938257
 -1.98882777 -3.13573565  0.99804947 -1.19519276  0.9960242  -1.00074685
 -0.9949242  -0.99744302  0.99906865  0.99437258 -1.12091943  0.99791442
 -0.99978584 -0.99820583  1.001187   -0.99962385  0.99803051 -0.99370486
  1.00115084 -1.00094795  0.99443324 -0.99953327  0.99775479  0.99364446
 -1.84807251 -2.74438615  1.0009691  -2.31955974  0.99825849 -1.13505307
 -1.51426097  1.00073214 -1.82479534 -1.23915064  1.00158396 -1.6358896
 -1.43550745  0.99437548 -1.18912524  0.99647073 -1.00135817  0.99378601
  0.99704215  0.99672786 -0.99510935  1.00169689 -0.99585087  0.99585596
  0.99622793  0.997102    0.99772175 -1.05647793  0.9951083   0.99739961
  0.99648873  0.99628953 -1.05528691 -1.02304747 -1.60831005 -2.68454191
  0.99983834  0.99874532  0.99934535  0.99527917 -1.89493325 -1.40599255
  1.00090965 -0.99534401 -0.99360795  1.00110309 -0.99404884  0.99776948
  0.99914813  0.99455502  1.00097853 -1.00166965  0.99494595 -1.00063363
 -0.9944955   0.99508092 -1.1007692   1.00095334 -1.5453216  -1.15172914
 -0.99644921  0.99586824 -1.75475917  0.99381049 -3.22094848 -3.25094012
  0.99730991  0.99724015  0.99367106  1.00135501 -0.99816365 -0.99499119
  0.99627525  1.0006437   0.99935005 -0.99348474  0.99792479 -1.00143072
  1.00102043  0.9956331  -1.00142758  0.99695309 -0.9989397  -0.99405943
  0.99952974  1.00170272  0.99708514  1.31148648 -0.99548331 -0.99912579
 -0.99854455  0.99402757 -1.86334018  0.99752435 -1.4748963   0.99544454
 -1.00036829  1.43415066  1.31782513  1.23237682 -1.00143242 -0.99462282
  0.99753047  0.99713925  1.00027011 -0.99936628  0.99450177 -0.99524112
 -0.99370377  1.00098462 -0.99481514  0.99618841  0.99796561  0.999567
 -0.99401724  1.75598806 -0.99780253 -0.99605019  1.85032276  1.1276991
 -0.99569428 -0.99699767 -0.99968964 -0.99462708 -0.99870441  1.50380922
 -1.00126336 -0.99776014 -1.00122779  0.99396317  1.00018475 -0.9935103
  0.99754156  1.00143124  0.99469564  0.99670027  0.99395193 -0.99487847
  0.99942258  1.00063926  0.99612604  0.99920984 -0.99583358  0.99981519
  0.9944899   0.99820671  0.99771898 -0.99668892  1.0651156  -0.99883549
  1.14936009  1.0842828   1.02771457  1.00133796  0.9962456   0.99658549
  0.99680815  0.99514475  1.00090153 -0.99351848  0.99377978  0.99442464
  0.99881974 -0.99638663 -0.99786416 -0.99655207  1.00143594 -1.00115048
 -0.9972613   0.9959614   0.99772317 -1.00161438  0.99528559  0.99868354
  1.00010241 -0.99958093  0.99675366  1.00115821  0.99987742  0.99875669
  1.00077703 -0.99732828 -0.99533246  1.00135539  0.99853066 -0.99698148
  0.99474813  1.00050042  0.99558084  0.99630669]
expected w_2 is: 
[-0.06365594 -1.06365594]
when we regard k-deep nn as a zero-deep nn: 
expected gamma_ps are: 
[-1.          0.99717235 -0.99744717  1.00012113 -1.00328456  1.00048889
 -0.99819773  1.00100341 -0.99801681 -1.00326856  1.00323045  1.00309495
 -0.9974956  -1.00272927 -0.99712006  1.00170843 -1.00190696  0.99506226
 -0.99730805 -4.37717439 -1.00159358 -0.9955917  -0.99906583  0.995835
  1.0003894  -0.99986966 -0.99786063  0.99981047 -0.99980232 -0.99850897
 -0.99831284  0.99948585 -0.99502441  1.0030759   0.99618022 -1.00301746
  0.99586562  0.99851025 -0.99774043  0.99801172 -0.99921454 -0.99583776
  0.99654577 -1.00315828 -1.00185809 -0.99902611  0.99735018 -1.0020215
 -0.99683585 -0.9987427   1.00058429 -1.00016688  0.99743806  1.0007823
 -0.99558569 -0.99509332 -0.99565005 -0.99723492 -1.00171678 -1.00303487
 -1.00014402 -1.00258707 -0.99775777 -1.00132688  1.00243742  0.99539062
 -1.00156453  0.99898535  0.99681793  0.99943142  0.99843158  0.99796285
  0.99767317  1.00236052  0.99580094 -1.00308805 -1.00165396  1.00304058
  0.99821088  0.99641362 -0.9998096  -1.00270668 -1.0006359   0.99660729
 -0.99953674  1.00191784  0.99941483 -0.9957117   0.9952018   0.99687251
  0.99662478  0.999074    1.00302087  1.00084411 -0.99824408  0.99687517
 -1.00314377 -1.00323434  0.99506037 -0.99959123 -1.00311937  0.99842466
 -0.995582    0.99972557 -0.99621134  0.99611186  1.00045422  0.99675201
 -0.99927639 -0.99742155  1.0013916   1.00311542 -1.00024301  0.99684871
  1.00143779 -1.00194927 -0.99856623 -0.99723021 -0.99847155 -1.00139952
 -0.99584262  0.99852124  1.0015062   0.99760923 -1.00258522  0.99841472
 -0.99688997  0.99807115 -0.99859163 -0.99791357  1.00182772 -0.99726757
 -0.99881503  0.99802459  0.99573618  0.99942345 -1.00126644  0.99967148
 -0.99819447 -0.99836373 -0.99651811 -1.00121116  1.00125262  1.00306088
 -0.99862896 -0.99518174 -1.00116441  0.99999085  1.00132535  0.99942372
  1.00130059 -1.00182945 -1.00189639  0.99567213  0.99889685  1.00174054
  0.99862623  0.99956717  1.00077407 -0.99847272 -0.99552188  0.99785716
  0.99551691 -0.99721369 -0.9970455  -0.99942865  0.99601816 -0.99823841
 -0.99578712 -0.99758826 -0.99639179 -1.00327419 -0.99778984  1.22902829
  0.99714013  0.9981609   0.99783469  1.00047918  0.99873692  0.99693346
  1.00234087 -0.99990786  0.99550809  1.00145446 -0.99904336  1.95718809
  0.99548642  1.00047648  0.99995593  1.00046772 -1.00182013 -0.99603874
 -0.99524921  0.99697416 -0.99505764 -0.99521388 -1.0023284  -0.99655299
 -0.99528045  0.99815827  1.00101248  0.99718853 -1.00183878 -0.9962233
 -0.99532625  0.99584033  1.0013229   0.99724925  0.995189    0.99599259
  1.00216636 -1.00030148 -0.99773842  1.00044005 -0.99684575  1.00164799
 -1.00007615  1.00157272  0.99535688  1.00304332  0.99950621  0.99507093
 -0.99604075  1.00023826 -0.99524314 -1.00320238 -0.99955367  0.99782324
 -1.00102087 -0.99588382  1.00126585  1.00238054  1.00077436  0.99993021
  0.99989579 -1.00327079 -0.99691158 -0.99858288  1.00106153  1.00266031
 -0.99813877 -0.99797879  1.0027798   0.9988678   0.99618727  1.00318451
  0.99820668  1.00182549 -0.99801381 -0.9957797   1.00105578 -0.9979986
 -0.99726308  1.0003371  -0.99765463 -0.99695751  1.00090161  0.99772142
  0.99748192 -0.997186   -0.99731759  0.99602093  0.99927393 -0.99914996
  0.99506455  0.99596542 -1.05160542  1.00102527  1.00158006 -1.00164139
 -0.99761188  1.00031187  0.99649484  0.9998804  -0.99932136 -0.99832336
  4.74084654 -1.0012298   1.00073804 -0.99628805 -0.99535235 -0.99625484
 -0.99812511 -1.00306886 -1.00302126 -1.00256223  0.99886191  0.99677436
 -0.99906808 -1.00211058 -0.998556   -0.99528358  0.99676563  0.99866702
 -1.00168745  1.00122178  0.99713492  0.99697123 -1.00015026 -1.00069561
 -0.9958525   1.00295859  0.99818996 -0.99601902 -0.99655763  1.0031504
 -0.99532166  1.00066236 -0.99599131  1.00234938 -1.00171635  1.71720416
 -0.99913006  1.00147662 -0.99509949 -0.99568385  0.99906148 -0.99639716
 -1.00254944 -0.99968809 -0.99938595 -0.99676184  1.0025581  -1.00312362
  0.99937294 -0.9959718   1.00121763  1.00142206  0.99761741 -1.00193872
  1.00311314  0.99933603  0.9971408   0.99672686  0.99932318 -0.99661007
  1.00054362  0.99730715  1.00103722 -0.99621994  1.00232668 -0.99849553
  0.99817286  0.99608723  1.00019295  1.00026179  0.99731438  1.00115252
 -1.00158268  0.9967527  -1.00165144 -0.99880545 -1.00060157  1.00233002
  0.99963368 -0.99623754  1.00143769 -0.99888853  0.99752378  0.99635606
 -0.99584622  1.00301136  1.00324785  0.99900603 -1.00002565  1.0013818
  1.00140602  0.99595472  0.99520962  1.0014628  -1.00045476 -0.99712431
  1.00268666  1.00036356  0.99914019  0.99557822 -1.00166482 -1.00177851
  1.00268507 -1.00027526  0.99715221  1.00267693 -0.99820861 -1.00025615
  0.99567884 -0.99768263 -1.00110245 -1.00108436  1.00305776  0.99768388
 -0.99957302  1.00301736 -0.99568891  1.00032451  0.99997939 -0.9979267
  1.00159045 -0.99649997  1.00236423  0.99657423  0.99881624 -0.99511136
  1.00304445 -1.00043934  1.00159171 -1.00092414 -0.99846843  0.99856387
  0.99726652  3.11366953  1.00253378  0.99682163  1.00272097  0.99839625
  1.93910502 -0.99822287  0.9960804   0.99879311  0.99549596  0.99591543
  0.99922882  0.9970318  -0.99859963 -0.99529593 -0.99510934  1.00059909
  0.99994181 -0.99827088 -1.0005197  -0.99987771 -0.99512141  0.9955873
 -1.00264057  0.99993849 -0.99803747  0.99950375  0.99516527 -0.99809869
  1.00187049 -1.00152968  0.99534247 -0.99984755 -0.9959173   1.0027205
 -0.99620639  1.00049221 -1.00058973 -1.0027648   0.99681663  0.99917237
  0.99540613 -0.99829542 -0.99576095 -0.99918153 -0.99668211  1.00095543
  1.00296865  0.99581207  0.99922569 -0.99942095 -0.99691522 -0.99574892
  0.99578046  1.00274173 -3.05076124  0.99867864  1.00234434 -0.99556403
  0.99686852  1.00306145 -1.00156215  0.99804324 -0.99900049  1.00315476
  1.0030302   0.99746363 -0.9966423  -1.00304027 -1.00085678  1.00301723
  0.99813434 -0.99825513  0.99502912 -1.00154371  1.00233476 -0.9966545
  0.99611456 -1.00181982  0.9990352  -0.99925528  0.99657974 -0.99899614
 -0.99527936 -0.99764368  1.00135757  0.99567133 -1.00177321  0.99759705
 -1.00209132 -1.00141967  1.00313763 -1.00296188  0.99871991 -0.99533339
  1.00302439 -1.00303988  0.99822567 -0.99634003  1.0009265   1.00072419
 -1.00078058  1.00201176  0.99925346 -0.99760877 -1.00195622 16.20548307
  0.99513044  0.99865256 -0.99560303 -0.99981121  1.00100583  0.99727925
 -0.99792927  0.99565707 -1.00323122  3.71115903  0.99650072  1.0025148
 -1.00278266 -1.20261154  0.99798017 -0.99908573  0.99729201  1.00176467
 -1.00051403  0.99670842 -0.99603269  0.99700315  1.00198497 -0.99611341
  0.99552865  0.99653129  0.99786848  1.00278977 -1.00285742  1.00106477
 -0.99781999  0.99587161 -0.99651338  1.00205625  0.99945829  0.99860827
 -0.99977163 -0.99776071 -1.00239001  1.00113865 -1.00032911  1.00304406
  0.99620575  1.00306005  0.99699637  1.00291069  1.00301864  0.99955967
  1.00144042 -0.99760661 -0.99760682  0.9975065  -1.00327007 -1.00241522
  1.00207049 -1.0018137  -1.00220561  0.99943959  0.99804593  1.00302174
  0.99970037 -1.00026337  0.99500273 -0.99549821  1.00096663 -0.99511738
  1.00323139  0.99562161  0.99590729  0.99638207 -1.00010805  0.99595908
 -1.00257055 -0.99592205  1.00148042  0.99615657 -1.00313987 -0.99786498
  1.00029037  1.00155544  1.00042178 -1.00233188  1.00130209 -1.00067476
  1.00203227  0.99713228  1.00062532  0.99630922 -0.99691219 -1.41352831
  1.00007953 -1.00072009  0.99516897  0.99942922 -0.99715907 -0.99960895
 -1.00322416  1.00163793  0.9991845   0.99550559  0.99556054 -0.99526151
 -1.00110696 -0.99927413  0.99557081  1.00173909 -0.99519935  1.00286536
  0.9959568   1.00203442  0.99960108  0.99961549 -0.99954947  1.00312736
 -0.99645727 -1.00205415  1.00267944 -1.00145267  3.83925316  0.99978485
  0.99763327 -2.03061564 -1.00000821  0.99767035 -0.99852524 -0.99731566
  1.00173751 -0.99618923  1.00146461  0.99737474  0.99786595  1.00072939
 -0.99516957  0.99576849 -0.99650458  1.00320144  0.99511921  1.00040005
 -1.00325746 -0.99508471  1.00284047  0.99802038 -0.99842977 -0.99717986
  0.9952615  -0.99861483 -1.00301306  1.00010453  0.99501753 -0.99694809
 -0.99717719  0.99590767 -0.99559839  0.99545515  1.00114553 -0.9986142
 -0.99540373 -0.99596994  1.0001282  -0.99830591  0.99893429  1.00253054
  1.00174724  0.99919604  0.9977758  -1.0009103  -0.99879716 -1.00103321
  0.99745083 -0.99933137 -1.00003509  0.9991217  -1.00209575 -0.99958429
  1.00192958 -0.99736694  0.99567801  0.99524746  1.0022403   1.00311909
  0.9962139   2.28129003 -1.00094871  1.00324798 -1.00258408  1.00315507
 -1.00210317  0.99532408 -1.00224504 -1.00027742 -1.00159176 -1.00208624
 -0.99511894 -1.00105823  0.99504019  1.00265898  0.99766025 -1.00154363
  1.61050522  1.00069682  0.99597477  0.99736437  0.99681263 -0.99883196
  0.99769963 -1.00142909  0.99858299 -1.00305984 -1.001931   -1.00116233
 -0.99614084  0.99697221  0.99803642  1.00306689 -1.00155864 -0.99813445
 -1.00125381  1.00070818 -4.29538965 -0.99652877 -0.99789809 -1.00009565
  1.00054935 -0.99798728  1.0018436  -0.99544077  0.99880006  0.99651073
 -1.00133612  1.00253431 -0.99807254  0.9969092  -1.00103082 -0.9972941
 -1.00306159  0.99809319 -0.995286   -0.99783711 -0.99765189 -0.99698034
 -0.99929379  0.99922444 -0.99698391 -0.99700608  0.99736633 -0.9958063
  1.00099183 -0.9962802  -0.99911946 -0.99851629 -0.99965762  0.99749043
 -0.99763999 -1.10458247 -0.99705132  0.99538629  1.00288205 -1.00078678
 16.20579819 -0.995387    1.00059718  0.99560855 -1.00022601  0.99535627
  1.00320639  0.99711664  0.99979433 -1.0011518 ]
[ 1.          0.99986202  0.99667908 -0.99356787  0.99441822 -0.99453638
 -0.99939839 -0.99379998  0.9944417  -0.99386033 -1.0014411   0.99404965
 -0.99585731 -0.99704696  1.00149315 -0.99704528 -0.99484798  0.99766072
  0.99532577 -0.99474047  0.99665421  1.00106776 -1.00080719  0.9948701
  1.0003178   0.99585858  1.00008269 -0.9969178   1.00012868  1.00167691
 -1.00084771 -1.00123779  0.99952254 -0.99462218  1.00124548 -0.9975215
 -0.99372374 -0.99348391 -0.99780685  0.99671573  0.99605619 -1.00116742
 -1.00150052 -1.00007514 -0.9983676   0.99850225  0.99591917  1.0013945
  0.99918097  0.99571385  1.0010216   0.99985434 -0.99520645 -0.99738224
 -0.99645942 -0.99985506  0.99744772  1.00074704  0.99542895 -0.99632748
  1.00143395  0.99935297  1.00048731 -0.99557998  0.99782287 -0.99427981
  1.00144445  1.00166268 -1.00144744 -0.99621151 -0.99925481  1.00165868
  0.99578718  1.00066166 -0.99534307  0.99368143 -1.00066149  0.99842497
 -0.99955224 -2.9275852  -1.00008442  0.99970272  1.00145898 -0.99658124
 -0.99563522 -0.9976603   0.99356133  0.99729164 -0.99468203 -0.99473278
 -0.99739475 -0.9986052  -0.9956131   0.99663272 -0.99803386 -0.99452425
 -0.99361342 -0.99815816 -0.99846735 -0.99665121  0.99967319 -1.00144137
  0.99653167  0.99414032  0.99874651 -0.999882    0.99843226 -1.00154185
  0.99857633  1.71594524  0.99870921  1.00146056 -0.9944596   0.99490419
  1.00171177 -0.9955166   1.00079286 -0.99710204 -0.99533322  1.00107342
  0.99772847  0.99756252  0.99928257  0.99437127 -0.99536264  1.16693273
 -0.99367555 -1.00113405  1.0973118   0.99764889 -0.99777676 -1.00130067
 -0.99417982  0.99903338 -0.99681652 -0.99665248 -0.99946147  1.0003296
  0.99466363 -0.99886825  0.99690922  0.99535221 -0.99611624 -1.4361149
 -0.99363835  1.00106029  0.99991988 -1.00095312 -1.00062484 -0.99683677
 -0.99675763  2.14650586 -0.99487898 -0.99863354 -0.99819398  3.99374982
 -0.99877585 -1.00048228  2.0685074  -1.00070864  0.99550146  0.99751098
  1.00096454  0.99920394 -0.9967759  -0.99869968 -0.99531066  0.99545648
 -0.99559977  0.9955761  -1.00133817  0.99696407  0.99655506  0.99388772
  0.99728706 -0.99367575  0.99863811  1.2302008   2.05309768 -1.00081833
 -0.99932865 -0.99942291 -0.99872092  1.86553429  0.99418513  0.99353156
 -1.07905173 -1.00001066  1.27941182  1.23823358  0.9990682  -1.00032857
 -0.99504519 -0.99521828 -0.99880802 -9.06697757  0.99648522  1.00142466
 -0.99461912  0.99525589 -0.99534604  0.99845302 -0.99504874  1.00160239
  0.99718311 -0.99651338 -0.99650827 -0.99688813  1.00026335 -1.30835783
 -1.90606523 -2.00566089 -1.49836696 -1.33246962  0.99344463  0.99439747
 -1.0011521  -0.99464575  1.25433076  0.99909236  1.00088342 -0.9987023
 -0.99941815  1.0001066  -0.99474908 -0.99724458 -0.99503918  0.99654057
  0.99682268 -0.99383752  1.00176235  0.99829813  0.99757077  0.99471245
  1.00091508 -1.12861962  0.99403196  0.99523541  0.99916776  0.99474448
 -1.00110035 -0.9952181  -0.99610291  1.0003004  -0.9959529  -0.99757974
 -0.99724507 -0.99697818  0.99622498 -1.00150549  0.99769321  0.99857084
 -0.99958154 -0.99668554  1.00137381  0.99919819 -1.00097836 -1.00150365
 -0.99611888  0.99947716  1.00024947  0.99892429  1.00152237  0.99496528
 -2.40327255  1.00035427  1.00003875 -2.27427194 -0.99568292 -0.99734743
 -0.99796256 -0.99963347  1.00068134 -1.00181754  1.52856261  1.27199859
  1.09639652 -0.99695211 -0.9967294   1.0008142   0.99463548 -0.99847369
 -1.00079642  0.99425401 -0.99985471 -0.99856579 -1.41811063  0.99494732
  0.99906111 -0.99692408 -0.99977616 -0.99516444 -1.57600981 -1.12452399
  0.99734284  0.99668203  0.99400989 -1.21190003  1.00110666 -1.94553357
  0.99940117  1.42174792  1.3989374  -0.9956198   1.05671005 -0.99603062
 -0.99427833 -0.99501853  0.99583004  0.99582386  0.99677649 -0.9962246
  0.99396847  0.9982544   0.99681979  1.0011099   0.99909403 -0.99511088
 -1.00144282  0.99733064  0.99476014 -1.0004552  -0.99898858 -1.80180013
  0.99725965 -2.31302301  0.99930511  0.99585176 -1.0007991  -1.00057387
  1.4210793   1.33562153  1.12594463 -1.00038133 -0.99501553 -1.00007536
 -0.99537585 -0.99676121  1.00140586  0.99790323  0.99483768 -1.40095051
  1.00158108  0.99438311 -1.89410195  1.97516555 -0.99942679  0.9972875
  0.99713323  0.99462767  0.99703978  0.99869858 -2.14338378 -2.80436854
 -3.2369621   0.99776813 -3.06999978 -0.99670938 -1.00007245  1.16661767
 -0.99985908  0.99574681  1.00081075 -1.00048266  0.99891554 -1.00112745
  0.995851    0.99430334  0.99433262  0.99358796 -3.18004692  1.0013586
 -2.33041172 -1.00006934 -1.00065504  1.02939323 -0.99870335  0.99608886
  0.99665303 -1.42525374  0.99835593  0.99641213  0.99813965 -1.91907785
 -0.99426462  1.29508947  1.1187511  -0.99606903 -0.99684672 -1.00106072
  0.99977313  0.99643153 -0.99401693 -0.99729269  0.99926517 -0.99420988
 -1.04633767  0.99420502 -3.19923436  0.99809497  0.99980324 -1.6495601
 -0.99937549 -0.99843024  1.98645068 -0.99586524  1.62996702 -1.00086153
 -2.57154724 -4.12097189  0.99637867 -2.05756059  0.99759337 -6.74391027
 -1.00076463  0.99523076 -0.99478739  0.99346734  0.99945545 -0.99957725
  0.99782525  0.99354846  0.99946577 -0.9962821   0.99894337 -1.63405653
  0.99704816  0.99472693  0.99652495  0.99508999 -1.18835445  1.18589329
  2.40517915 -0.99724123 -0.99785035  0.9969072   0.99909889  0.99828269
 -4.0607833   0.99702051 -1.11811527 -0.99946204  0.99891742  0.99978171
  0.99424591 -0.99536849  0.99411891 -1.0005138   0.99837471 -0.99560566
 -0.997341    1.00066202 -0.99382632  1.00149875  0.99884567 -2.06557116
 -2.71950859  0.99759527  1.00090914  1.00052721 -1.001529   -0.9949608
  2.11787265 -1.13596659 -2.46576079  0.99938769  0.99448048 -2.38146421
  0.99833278  0.99425839  0.99661249  0.99720487  0.99552786  0.99396011
 -0.99488284 -0.99713638 -0.99568661 -0.99737383  0.99977198 -0.99454642
 -1.00146082 -0.99689487  0.99850299 -1.00009501  0.99658268 -0.99970218
  1.00151714  1.1899237   2.33610029 -0.99764855 -0.99600084  0.99653141
 -1.24641883 -3.05220106  0.99591279  1.00059299 -1.00081745 -0.99426075
  1.20159905  0.99512437  0.99571264  0.99392212 -0.99892674  0.99475318
  0.99516107 -1.00160304 -0.99390829  0.99886719  0.99699724  0.99494774
 -0.99881764  1.89036282 -0.99405576  1.66138611 -0.99990066 -0.99635081
  2.27211311  1.78317888 -0.99802357 -0.99853178 -0.99864326  0.9993336
  0.99382021  1.00153157  1.00157846  1.04342611 -0.99430797  0.99588128
  0.9947711  -0.99806767 -1.00007074  0.99516927  1.00162086  1.00150024
  1.0007561   1.00018143 -1.00085412 -0.99374224 -0.99737067  2.04593684
  2.14920646 -0.99355266  2.15756175  1.82546988 -1.00052112  1.17631669
  0.99517174 -0.99797125  1.37377302  0.99921571  0.99911547  0.9957932
  1.00229308 -0.99767757  1.22101533 -1.23007796 -0.99816836 -1.001052
 -0.99881382 -0.99380113 -1.00115726 -0.99606735  0.99805917 -1.00125722
 -1.19742799  1.1912106   1.93829797 -0.99704884  2.65389359  2.45938257
  1.98882777  3.13573565 -0.99804947  1.19519276 -0.9960242   1.00074685
  0.9949242   0.99744302 -0.99906865 -0.99437258  1.12091943 -0.99791442
  0.99978584  0.99820583 -1.001187    0.99962385 -0.99803051  0.99370486
 -1.00115084  1.00094795 -0.99443324  0.99953327 -0.99775479 -0.99364446
  1.84807251  2.74438615 -1.0009691   2.31955974 -0.99825849  1.13505307
  1.51426097 -1.00073214  1.82479534  1.23915064 -1.00158396  1.6358896
  1.43550745 -0.99437548  1.18912524 -0.99647073  1.00135817 -0.99378601
 -0.99704215 -0.99672786  0.99510935 -1.00169689  0.99585087 -0.99585596
 -0.99622793 -0.997102   -0.99772175  1.05647793 -0.9951083  -0.99739961
 -0.99648873 -0.99628953  1.05528691  1.02304747  1.60831005  2.68454191
 -0.99983834 -0.99874532 -0.99934535 -0.99527917  1.89493325  1.40599255
 -1.00090965  0.99534401  0.99360795 -1.00110309  0.99404884 -0.99776948
 -0.99914813 -0.99455502 -1.00097853  1.00166965 -0.99494595  1.00063363
  0.9944955  -0.99508092  1.1007692  -1.00095334  1.5453216   1.15172914
  0.99644921 -0.99586824  1.75475917 -0.99381049  3.22094848  3.25094012
 -0.99730991 -0.99724015 -0.99367106 -1.00135501  0.99816365  0.99499119
 -0.99627525 -1.0006437  -0.99935005  0.99348474 -0.99792479  1.00143072
 -1.00102043 -0.9956331   1.00142758 -0.99695309  0.9989397   0.99405943
 -0.99952974 -1.00170272 -0.99708514 -1.31148648  0.99548331  0.99912579
  0.99854455 -0.99402757  1.86334018 -0.99752435  1.4748963  -0.99544454
  1.00036829 -1.43415066 -1.31782513 -1.23237682  1.00143242  0.99462282
 -0.99753047 -0.99713925 -1.00027011  0.99936628 -0.99450177  0.99524112
  0.99370377 -1.00098462  0.99481514 -0.99618841 -0.99796561 -0.999567
  0.99401724 -1.75598806  0.99780253  0.99605019 -1.85032276 -1.1276991
  0.99569428  0.99699767  0.99968964  0.99462708  0.99870441 -1.50380922
  1.00126336  0.99776014  1.00122779 -0.99396317 -1.00018475  0.9935103
 -0.99754156 -1.00143124 -0.99469564 -0.99670027 -0.99395193  0.99487847
 -0.99942258 -1.00063926 -0.99612604 -0.99920984  0.99583358 -0.99981519
 -0.9944899  -0.99820671 -0.99771898  0.99668892 -1.0651156   0.99883549
 -1.14936009 -1.0842828  -1.02771457 -1.00133796 -0.9962456  -0.99658549
 -0.99680815 -0.99514475 -1.00090153  0.99351848 -0.99377978 -0.99442464
 -0.99881974  0.99638663  0.99786416  0.99655207 -1.00143594  1.00115048
  0.9972613  -0.9959614  -0.99772317  1.00161438 -0.99528559 -0.99868354
 -1.00010241  0.99958093 -0.99675366 -1.00115821 -0.99987742 -0.99875669
 -1.00077703  0.99732828  0.99533246 -1.00135539 -0.99853066  0.99698148
 -0.99474813 -1.00050042 -0.99558084 -0.99630669]
start step 1: collect decision boundary points
start step 2: recover $\gamma_P$s
3 different MAPs occur
corresponding \gamma_P are: 
boundary point: 0, \gamma_p is [[-1.          0.99717235 -0.99744717  1.00012113 -1.00328456  1.00048889
  -0.99819772  1.00100341 -0.99801681 -1.00326856  1.00323045  1.00309495
  -0.9974956  -1.00272927 -0.99712006  1.00170843 -1.00190696  0.99506226
  -0.99730805 -4.37717438 -1.00159358 -0.9955917  -0.99906583  0.995835
   1.0003894  -0.99986966 -0.99786063  0.99981047 -0.99980232 -0.99850897
  -0.99831283  0.99948585 -0.99502441  1.0030759   0.99618022 -1.00301746
   0.99586562  0.99851025 -0.99774043  0.99801172 -0.99921454 -0.99583776
   0.99654576 -1.00315828 -1.00185808 -0.99902611  0.99735017 -1.0020215
  -0.99683585 -0.9987427   1.00058429 -1.00016688  0.99743806  1.0007823
  -0.99558569 -0.99509332 -0.99565005 -0.99723492 -1.00171678 -1.00303487
  -1.00014402 -1.00258707 -0.99775777 -1.00132688  1.00243741  0.99539062
  -1.00156453  0.99898534  0.99681793  0.99943142  0.99843157  0.99796285
   0.99767317  1.00236052  0.99580094 -1.00308804 -1.00165396  1.00304058
   0.99821088  0.99641362 -0.9998096  -1.00270668 -1.0006359   0.99660728
  -0.99953674  1.00191784  0.99941483 -0.9957117   0.9952018   0.99687251
   0.99662477  0.999074    1.00302087  1.00084411 -0.99824408  0.99687516
  -1.00314377 -1.00323433  0.99506037 -0.99959123 -1.00311937  0.99842466
  -0.995582    0.99972557 -0.99621134  0.99611186  1.00045422  0.99675201
  -0.99927639 -0.99742155  1.0013916   1.00311542 -1.00024301  0.99684871
   1.00143779 -1.00194927 -0.99856623 -0.99723021 -0.99847155 -1.00139952
  -0.99584261  0.99852123  1.0015062   0.99760923 -1.00258522  0.99841472
  -0.99688997  0.99807115 -0.99859162 -0.99791357  1.00182772 -0.99726757
  -0.99881503  0.99802459  0.99573618  0.99942345 -1.00126644  0.99967148
  -0.99819446 -0.99836373 -0.9965181  -1.00121116  1.00125262  1.00306088
  -0.99862896 -0.99518174 -1.00116441  0.99999085  1.00132535  0.99942372
   1.00130059 -1.00182945 -1.00189639  0.99567213  0.99889685  1.00174054
   0.99862623  0.99956717  1.00077407 -0.99847272 -0.99552188  0.99785715
   0.99551691 -0.99721369 -0.9970455  -0.99942865  0.99601816 -0.99823841
  -0.99578712 -0.99758826 -0.99639179 -1.00327418 -0.99778984  1.22902829
   0.99714013  0.9981609   0.99783469  1.00047917  0.99873692  0.99693346
   1.00234086 -0.99990786  0.99550809  1.00145446 -0.99904336  1.95718809
   0.99548642  1.00047648  0.99995593  1.00046772 -1.00182013 -0.99603874
  -0.99524921  0.99697416 -0.99505763 -0.99521388 -1.00232839 -0.99655299
  -0.99528044  0.99815827  1.00101248  0.99718853 -1.00183878 -0.9962233
  -0.99532625  0.99584032  1.0013229   0.99724925  0.995189    0.99599259
   1.00216636 -1.00030148 -0.99773842  1.00044005 -0.99684575  1.00164799
  -1.00007615  1.00157272  0.99535688  1.00304332  0.9995062   0.99507092
  -0.99604075  1.00023826 -0.99524314 -1.00320238 -0.99955367  0.99782323
  -1.00102086 -0.99588382  1.00126585  1.00238054  1.00077436  0.99993021
   0.99989579 -1.00327079 -0.99691157 -0.99858288  1.00106153  1.00266031
  -0.99813877 -0.99797879  1.00277979  0.9988678   0.99618727  1.00318451
   0.99820668  1.00182549 -0.99801381 -0.9957797   1.00105578 -0.9979986
  -0.99726308  1.0003371  -0.99765463 -0.99695751  1.0009016   0.99772141
   0.99748192 -0.997186   -0.99731759  0.99602093  0.99927393 -0.99914996
   0.99506455  0.99596542 -1.05160542  1.00102527  1.00158006 -1.00164138
  -0.99761188  1.00031187  0.99649484  0.9998804  -0.99932136 -0.99832336
   4.74084653 -1.0012298   1.00073803 -0.99628805 -0.99535235 -0.99625484
  -0.99812511 -1.00306886 -1.00302126 -1.00256223  0.99886191  0.99677436
  -0.99906808 -1.00211058 -0.998556   -0.99528358  0.99676563  0.99866702
  -1.00168745  1.00122178  0.99713492  0.99697123 -1.00015026 -1.00069561
  -0.9958525   1.00295859  0.99818996 -0.99601902 -0.99655763  1.0031504
  -0.99532165  1.00066236 -0.99599131  1.00234938 -1.00171634  1.71720415
  -0.99913005  1.00147662 -0.99509949 -0.99568385  0.99906148 -0.99639716
  -1.00254944 -0.99968809 -0.99938595 -0.99676184  1.0025581  -1.00312362
   0.99937294 -0.9959718   1.00121763  1.00142206  0.99761741 -1.00193872
   1.00311314  0.99933602  0.99714079  0.99672686  0.99932318 -0.99661007
   1.00054361  0.99730715  1.00103722 -0.99621994  1.00232668 -0.99849553
   0.99817286  0.99608722  1.00019294  1.00026178  0.99731438  1.00115252
  -1.00158268  0.9967527  -1.00165144 -0.99880545 -1.00060157  1.00233002
   0.99963367 -0.99623754  1.00143769 -0.99888853  0.99752378  0.99635606
  -0.99584621  1.00301136  1.00324784  0.99900602 -1.00002564  1.0013818
   1.00140602  0.99595471  0.99520962  1.0014628  -1.00045476 -0.99712431
   1.00268666  1.00036355  0.99914019  0.99557822 -1.00166481 -1.00177851
   1.00268507 -1.00027526  0.99715221  1.00267693 -0.99820861 -1.00025615
   0.99567884 -0.99768263 -1.00110245 -1.00108436  1.00305776  0.99768388
  -0.99957302  1.00301736 -0.9956889   1.00032451  0.99997939 -0.9979267
   1.00159045 -0.99649996  1.00236422  0.99657423  0.99881624 -0.99511136
   1.00304445 -1.00043933  1.0015917  -1.00092414 -0.99846843  0.99856386
   0.99726652  3.11366952  1.00253378  0.99682162  1.00272096  0.99839625
   1.93910501 -0.99822287  0.9960804   0.99879311  0.99549596  0.99591543
   0.99922881  0.9970318  -0.99859963 -0.99529593 -0.99510934  1.00059909
   0.9999418  -0.99827088 -1.0005197  -0.99987771 -0.9951214   0.99558729
  -1.00264057  0.99993849 -0.99803747  0.99950375  0.99516527 -0.99809869
   1.00187049 -1.00152967  0.99534247 -0.99984755 -0.9959173   1.0027205
  -0.99620639  1.00049221 -1.00058972 -1.0027648   0.99681663  0.99917236
   0.99540613 -0.99829542 -0.99576095 -0.99918152 -0.99668211  1.00095543
   1.00296865  0.99581207  0.99922569 -0.99942095 -0.99691522 -0.99574892
   0.99578046  1.00274173 -3.05076123  0.99867864  1.00234434 -0.99556403
   0.99686852  1.00306145 -1.00156215  0.99804323 -0.99900049  1.00315476
   1.0030302   0.99746363 -0.9966423  -1.00304027 -1.00085678  1.00301723
   0.99813434 -0.99825513  0.99502912 -1.00154371  1.00233476 -0.9966545
   0.99611456 -1.00181982  0.9990352  -0.99925528  0.99657973 -0.99899614
  -0.99527936 -0.99764368  1.00135757  0.99567133 -1.00177321  0.99759705
  -1.00209132 -1.00141966  1.00313763 -1.00296188  0.99871991 -0.99533339
   1.00302439 -1.00303988  0.99822567 -0.99634003  1.0009265   1.00072419
  -1.00078058  1.00201176  0.99925346 -0.99760877 -1.00195622 16.20548298
   0.99513044  0.99865256 -0.99560303 -0.99981121  1.00100583  0.99727925
  -0.99792927  0.99565707 -1.00323122  3.71115903  0.99650072  1.0025148
  -1.00278266 -1.20261154  0.99798017 -0.99908573  0.99729201  1.00176467
  -1.00051403  0.99670842 -0.99603269  0.99700315  1.00198497 -0.9961134
   0.99552865  0.99653129  0.99786848  1.00278976 -1.00285742  1.00106476
  -0.99781999  0.99587161 -0.99651338  1.00205625  0.99945829  0.99860827
  -0.99977163 -0.99776071 -1.00239001  1.00113865 -1.00032911  1.00304406
   0.99620575  1.00306005  0.99699637  1.00291069  1.00301864  0.99955967
   1.00144042 -0.99760661 -0.99760681  0.99750649 -1.00327007 -1.00241522
   1.00207049 -1.0018137  -1.00220561  0.99943959  0.99804593  1.00302174
   0.99970037 -1.00026337  0.99500273 -0.99549821  1.00096663 -0.99511738
   1.00323139  0.99562161  0.99590728  0.99638207 -1.00010805  0.99595908
  -1.00257055 -0.99592205  1.00148042  0.99615657 -1.00313987 -0.99786498
   1.00029037  1.00155544  1.00042178 -1.00233188  1.00130209 -1.00067476
   1.00203227  0.99713228  1.00062532  0.99630922 -0.99691219 -1.41352831
   1.00007953 -1.00072009  0.99516896  0.99942922 -0.99715907 -0.99960895
  -1.00322415  1.00163793  0.9991845   0.99550559  0.99556054 -0.99526151
  -1.00110696 -0.99927413  0.99557081  1.00173909 -0.99519935  1.00286536
   0.9959568   1.00203442  0.99960108  0.99961549 -0.99954947  1.00312736
  -0.99645727 -1.00205415  1.00267944 -1.00145267  3.83925316  0.99978485
   0.99763327 -2.03061564 -1.00000821  0.99767035 -0.99852524 -0.99731566
   1.00173751 -0.99618923  1.00146461  0.99737474  0.99786595  1.00072939
  -0.99516957  0.99576849 -0.99650458  1.00320144  0.99511921  1.00040005
  -1.00325746 -0.99508471  1.00284047  0.99802038 -0.99842977 -0.99717986
   0.9952615  -0.99861483 -1.00301305  1.00010453  0.99501753 -0.99694809
  -0.99717719  0.99590767 -0.99559839  0.99545515  1.00114553 -0.9986142
  -0.99540373 -0.99596994  1.0001282  -0.99830591  0.99893429  1.00253054
   1.00174724  0.99919604  0.9977758  -1.0009103  -0.99879716 -1.0010332
   0.99745083 -0.99933137 -1.00003509  0.9991217  -1.00209575 -0.99958429
   1.00192958 -0.99736694  0.99567801  0.99524746  1.0022403   1.00311909
   0.9962139   2.28129003 -1.00094871  1.00324798 -1.00258408  1.00315507
  -1.00210317  0.99532408 -1.00224504 -1.00027742 -1.00159176 -1.00208624
  -0.99511894 -1.00105823  0.99504019  1.00265898  0.99766025 -1.00154363
   1.61050522  1.00069682  0.99597477  0.99736437  0.99681263 -0.99883196
   0.99769962 -1.00142909  0.99858299 -1.00305984 -1.00193099 -1.00116233
  -0.99614084  0.9969722   0.99803642  1.00306689 -1.00155864 -0.99813445
  -1.00125381  1.00070818 -4.29538964 -0.99652877 -0.99789809 -1.00009565
   1.00054935 -0.99798728  1.0018436  -0.99544077  0.99880006  0.99651073
  -1.00133612  1.00253431 -0.99807253  0.9969092  -1.00103082 -0.9972941
  -1.00306159  0.99809319 -0.995286   -0.99783711 -0.99765189 -0.99698034
  -0.99929378  0.99922444 -0.99698391 -0.99700608  0.99736633 -0.9958063
   1.00099183 -0.9962802  -0.99911946 -0.99851629 -0.99965762  0.99749043
  -0.99763999 -1.10458247 -0.99705132  0.99538629  1.00288205 -1.00078678
  16.20579812 -0.995387    1.00059718  0.99560855 -1.00022601  0.99535627
   1.00320639  0.99711664  0.99979433 -1.0011518 ]]
boundary point: 1, \gamma_p is [[ 1.          1.12698509  0.99663017 -0.99315069  0.9938538  -0.99415744
  -1.12655721 -0.99334142  0.9942141  -1.12098942 -1.00132718  1.12117974
  -1.12274603 -1.12434456  1.0017715  -0.99674842 -1.12195326  1.12450934
   0.99519956 -1.33669471  0.99633976  1.00141632 -1.12811096  1.12159028
   1.12767466  0.99560323  1.00022411 -0.99673364  1.00014943  1.00187854
  -1.12810612 -1.00134929  0.99980885 -0.99408403  1.12839346 -1.12486766
  -0.99358737 -0.99316393 -1.12483526  1.12369195  0.99585512 -1.12828863
  -1.0018159  -1.12759282 -1.12569382  0.99846888  1.12280257  1.00135456
   0.99933023  0.99552102  1.12843567  0.99983442 -0.99506438 -0.99716578
  -1.1232649  -1.12684534  0.99756213  1.00097059  0.99502867 -1.12359874
   1.00151604  0.99914708  1.00066104 -1.12269493  1.12515128 -0.99420908
   1.00143678  1.12901578 -1.00174211 -0.99600652 -0.99930719  1.12894644
   1.12268274  1.12816589 -0.9953139   0.99308262 -1.12812073  1.12583011
  -0.9996376  -3.05051567 -1.12738952  0.99951148  1.00151135 -0.99657956
  -1.12263973 -0.99738926  1.12042607  0.99739219 -0.99464892 -0.99459655
  -0.99744374 -0.99857534 -0.99514153  1.12378396 -1.12510878 -0.99437458
  -1.12071885 -1.12555865 -0.9986842  -1.12372386  0.9994538  -1.00163338
   0.9965921   1.12106169  0.99890787 -1.00012197  1.12567322 -1.00184673
   0.99853174  1.76168349  1.12602747  1.1290637  -1.12143424  1.12169106
   1.12922411 -1.12266713  1.00093458 -1.1240531  -1.12225071  1.00105264
   0.99784849  1.12462508  1.12664463  1.12117263 -1.12254386  1.30476992
  -1.12038684 -1.001329    1.1035959   0.99763201 -0.99751887 -1.12852138
  -1.12104575  1.12615795 -0.99688527 -0.99647607 -1.12681965  1.12764151
   0.99443885 -1.12600389  0.9969341   0.99497923 -0.99578926 -1.46368133
  -1.12045797  1.00143447  0.99984063 -1.00101436 -1.00058022 -0.99667207
  -0.99646842  2.21937126 -1.12198556 -0.99882203 -0.99814922  4.31174234
  -0.99878536 -1.00054051  2.26388534 -1.12796838  0.99550014  1.12452799
   1.12805241  0.99933061 -1.12369444 -1.12589239 -0.9952656   0.99527938
  -1.12236334  0.995448   -1.12850551  0.99656237  0.99647643  1.1353895
   1.12424416 -0.99339022  1.12572543  1.3721968   2.24736503 -1.0010656
  -0.99913688 -1.12669216 -0.99892541  2.0480351   0.99387585  1.18136236
  -1.08437113 -0.99998098  1.42450708  1.38074017  0.998893   -1.12740917
  -1.12173922 -0.99510649 -1.12572938 -9.70749559  0.99611325  1.00173475
  -1.12128801  1.12214851 -0.99498532  1.12548743 -1.12216246  1.00194478
   0.99730129 -0.99655621 -0.99620177 -0.99686512  1.12728571 -1.3282417
  -1.96360371 -2.19700819 -1.65725885 -1.35360524  0.9932281   1.12145758
  -1.12854213 -0.99420478  1.3975367   1.12654015  1.12822007 -0.99893344
  -1.12644093  1.1274404  -1.12142387 -1.12458488 -1.12200683  1.12349364
   0.99655542 -1.12049507  1.12926696  1.12565318  1.12477728  1.12168327
   1.12827855 -1.26432707  0.99384863  0.9950223   1.1264942   1.12189113
  -1.12836376 -1.12209689 -0.99567786  1.1275593  -0.99593796 -0.99722294
  -0.99718383 -0.99666959  0.99611109 -1.12864453  1.12492543  0.99860724
  -1.12669253 -0.99645308  1.00161054  0.9993408  -1.00098322 -1.00174439
  -0.99603209  0.99962298  1.00043608  1.12591437  1.1288849   0.99469888
  -2.49291329  1.12743184  0.9967562  -2.3553216  -0.99530751 -1.1245949
  -1.12499269 -0.99959026  1.12781344 -1.00194083  1.56225193  1.28941962
   1.46797166 -1.12414822 -0.99647421  1.00110229  0.99458982 -1.12544998
  -1.12803961  0.99369287 -1.12734963 -1.12594944 -1.44479826  1.1217322
   0.99906065 -1.12417448 -1.12698184 -1.12186824 -1.6128821  -1.1325355
   0.99706626  1.12386044  1.12075805 -1.2255815   1.00116751 -2.1330785
   0.99962705  1.57609485  1.55152875 -1.12239941  1.06053909 -0.99557738
  -1.12092815 -0.99465925  0.99581975  1.12301943  0.99646202 -0.95032995
   0.99363989  1.12554913  0.99692928  1.00145528  1.12628847 -1.12188216
  -1.1290088   0.99718055  0.99446566 -1.1275899  -0.99876133 -1.98035014
   1.12435715 -2.52366012  1.12665024  1.12299007 -1.00100161 -1.12804566
   1.5753935   1.48425541  1.2610916  -1.00061394 -0.9947413  -1.12717622
  -0.99504687 -0.99672643  1.12887322  0.99801036  1.12196903 -1.55368946
   1.12887726  1.12108834 -1.95100452  2.16456911 -0.99956124  1.12450004
   0.99684997  1.12139083  0.9967462   0.99869175 -2.34351706 -2.91907893
  -3.37938127  0.99786554 -3.20167597 -1.123741   -1.00023467  1.30430376
  -1.12689754  1.12297961  1.12838095 -1.00057663  0.99884485 -1.00111124
   1.12298824  1.12099505  1.12097877  1.12058476 -3.44616059  1.00162812
  -2.41492925 -1.00005059 -1.00075145  1.15829465 -1.12603863  0.99572666
   1.12392275 -1.57965303  1.12538185  1.12366599  0.99813524 -2.10491074
  -0.99417457  1.31402115  1.12624011 -1.12319967 -0.99645132 -1.00127565
   0.99978584  1.1237083  -1.12067349 -0.99709967  1.12652893 -1.12102117
  -1.04918608  0.99405891 -3.33907811  1.12506749  1.12702721 -1.8179091
  -0.99914192 -1.12567013  2.17665727 -1.12297271  1.67016562 -1.00100777
  -2.67175949 -4.18509257  1.12362129 -2.12508287  1.12492523 -7.1096462
  -0.94103367  0.99504027 -0.99470506  1.12028652  1.12644593 -0.99981032
   1.12494957  1.12026069  0.99952088 -1.12305784  0.99918741 -1.67437982
   1.12416841  0.99450131  0.99627064  0.9947852  -1.32734562  1.32475745
   2.494459   -0.99706951 -1.12490044  1.12399059  1.12604562  0.99829438
  -4.25550116  0.99673345 -1.12593046 -1.12672994  0.99910838  1.12725283
   0.9941211  -0.99504231  0.99370699 -1.12803435  1.12538046 -0.9953786
  -0.99746414  1.00081265 -1.12047534  1.00164623  0.99898337 -2.13334023
  -2.82877649  1.12448745  1.12822958  1.0005976  -1.12874181 -1.12168127
   2.3160751  -1.14444712 -2.81692011  1.12657645  1.1215902  -2.59643205
   1.12533916  1.12139963  0.99629739  1.12421423  0.99530678  1.1210883
  -0.99436419 -0.99711553 -1.12251015 -1.12471204  0.9997029  -0.99400718
  -1.00167255 -1.12389798  1.12540312 -1.12751117  1.12382561 -1.12678211
   1.12867824  1.2018976   2.54840141 -1.12476331 -0.99596397  0.99637449
  -1.3891162  -3.30999764  1.12305088  1.12766704 -1.12829421 -0.99404835
   1.21429888  0.99472362  1.12295131  0.99334666 -0.99893989  0.99471622
   1.12235741 -1.12921043 -0.99363344  0.99902804  1.12417692  1.12198409
  -1.12610391  2.07447959 -0.99372488  1.70363944 -1.12733071 -0.02819925
   2.4800925   1.96025892 -1.12492972 -1.12573815 -0.99849285  1.12642984
   0.99355862  1.12866446  1.00147323  1.34608365 -0.99416836  1.12309103
   0.9942611  -1.13815394 -1.0002038   0.99491994  1.1288635   1.12901992
   1.00077149  1.1272953  -1.12796779 -0.99353464 -0.99707692  2.11276428
   2.34938747 -0.99336303  2.35842357  2.00550535 -1.12804803  1.31491992
   0.99500314 -0.99810488  1.39778781  1.12660853  1.12633653  1.12274867
   1.00245356 -1.12469903  1.2349321  -1.24465127 -1.12538456 -1.00092517
  -0.99897982 -0.99321172 -1.0014221  -0.99563171  1.12543963 -1.00136526
  -1.20990374  1.20353462  1.9981785  -0.99701969  2.75896551  2.55212714
   2.17921615  3.27157238 -1.12537755  1.33489411 -0.99589549  1.12829859
   1.12189387  0.99726346 -0.99932745 -1.12103965  1.25599005 -1.12478271
   1.12728975  1.12512475 -1.00152306  1.12668146 -1.12522387  1.12035875
  -1.12869957  1.00126786 -0.99398462  1.12657075 -1.12512359 -1.12041584
   2.02938767  2.9828375  -1.00100392  2.40340906 -0.99806472  1.14360702
   1.67443794 -1.00096127  2.0046501   1.3814509  -1.12880008  1.65004418
   1.59054699 -1.12137513  1.3281685  -0.99628238  1.00162545 -1.12067741
  -1.12437095 -0.99641529  1.12205797 -1.00209098  1.12261601 -1.12260239
  -1.12337012 -1.12418317 -0.99785865  1.18749564 -1.12180317 -0.99705166
  -0.99652257 -0.99592381  1.1860927   1.15180195  1.64706123  2.91928389
  -1.12691438 -1.12610806 -0.99913309 -1.12238298  2.2599482   1.55913452
  -1.00111819  0.92944281  0.99320052 -1.00132158  0.99376387 -1.12476846
  -0.99898328 -1.12127769 -1.00094756  1.12892067 -0.99476005  1.12803224
   0.99445257 -0.99503713  1.10740624 -1.00081021  1.7070357   1.28872491
   0.9960158  -1.12260419  1.93029671 -0.99354248  3.36242492  3.39440527
  -0.99744028 -1.12428814 -1.12077183 -1.00143459  1.12504144  0.9948666
  -1.12317031 -1.00094516 -1.12634034  1.12009254 -0.99771975  1.00160998
  -1.12810465 -1.12241043  1.12883846 -1.12396314  1.12611622  1.12115421
  -0.99938856 -1.00186226 -0.99704116 -1.45868423  0.99527234  0.99900435
   1.12560148 -1.12091668  1.91829463 -0.99742265  1.50499283 -1.12243994
   1.12782641 -1.58893116 -1.33833168 -1.24747148  1.12897806  1.12179093
  -0.99761425 -0.91539541 -1.12765954  1.12684454 -1.12162812  1.12245088
   0.99316908 -1.00134492  0.99434216 -1.12327529 -1.12524928 -1.12698409
   0.99394708 -1.93149039  1.12465878  1.12327987 -1.90459975 -1.26323802
   1.16159433  1.12416276  1.1267255   1.12142914  1.12573089 -1.66311715
   1.1285092   0.99752656  1.12852759 -1.12108552 -1.12763127  0.99302318
  -1.12445126 -1.00171506 -0.99448296 -0.99629497 -1.120978    0.99467118
  -1.12677749 -1.00063485 -1.3329624  -1.12625042  0.99570214 -1.12712137
  -0.99410415 -1.12527629 -0.99745641  0.99676835 -1.06933696  1.1258511
  -1.28626465 -1.08948655 -1.15666792 -1.00161985 -1.12338408 -1.12350774
  -1.12411171 -0.99495704 -1.12797069  0.99324356 -1.12054621 -1.12118936
  -1.12601151  1.1234191   0.99792017  0.99652315 -1.00169497  1.00149065
   1.12446195 -1.12277938 -1.12483404  1.00181157 -1.12227554 -0.99875947
  -1.12727055  0.99289694 -1.12367116 -1.0015256  -0.99968614 -1.12603948
  -0.03288717  0.99745183  1.12238521 -1.00172118 -1.12576336  1.12380558
  -0.99420969 -1.0007158  -0.9953126  -1.12345676]]
boundary point: 12, \gamma_p is [[ 1.          0.99986202  0.99667909 -0.99356787  0.99441822 -0.99453638
  -0.99939839 -0.99379998  0.99444171 -0.99386034 -1.00144111  0.99404965
  -0.99585731 -0.99704696  1.00149315 -0.99704529 -0.99484799  0.99766072
   0.99532577 -0.99474047  0.99665421  1.00106776 -1.0008072   0.99487011
   1.0003178   0.99585858  1.00008269 -0.9969178   1.00012868  1.00167691
  -1.00084771 -1.00123779  0.99952255 -0.99462219  1.00124548 -0.99752151
  -0.99372374 -0.99348391 -0.99780686  0.99671573  0.9960562  -1.00116742
  -1.00150052 -1.00007515 -0.99836761  0.99850225  0.99591917  1.0013945
   0.99918097  0.99571385  1.00102161  0.99985434 -0.99520646 -0.99738224
  -0.99645943 -0.99985506  0.99744772  1.00074705  0.99542895 -0.99632749
   1.00143395  0.99935297  1.00048731 -0.99557998  0.99782287 -0.99427981
   1.00144445  1.00166268 -1.00144744 -0.99621151 -0.99925482  1.00165868
   0.99578719  1.00066166 -0.99534307  0.99368144 -1.00066149  0.99842498
  -0.99955224 -2.92758521 -1.00008443  0.99970272  1.00145898 -0.99658124
  -0.99563522 -0.9976603   0.99356133  0.99729164 -0.99468203 -0.99473278
  -0.99739475 -0.9986052  -0.9956131   0.99663273 -0.99803386 -0.99452426
  -0.99361342 -0.99815816 -0.99846736 -0.99665121  0.99967319 -1.00144137
   0.99653168  0.99414032  0.99874651 -0.999882    0.99843226 -1.00154185
   0.99857633  1.71594524  0.99870921  1.00146056 -0.9944596   0.9949042
   1.00171177 -0.9955166   1.00079286 -0.99710204 -0.99533322  1.00107343
   0.99772847  0.99756252  0.99928258  0.99437128 -0.99536265  1.16693274
  -0.99367555 -1.00113406  1.0973118   0.99764889 -0.99777676 -1.00130067
  -0.99417982  0.99903338 -0.99681653 -0.99665248 -0.99946147  1.0003296
   0.99466364 -0.99886825  0.99690923  0.99535221 -0.99611624 -1.4361149
  -0.99363835  1.00106029  0.99991988 -1.00095313 -1.00062484 -0.99683677
  -0.99675763  2.14650587 -0.99487898 -0.99863355 -0.99819398  3.99374983
  -0.99877586 -1.00048228  2.06850741 -1.00070864  0.99550146  0.99751099
   1.00096454  0.99920394 -0.9967759  -0.99869969 -0.99531066  0.99545649
  -0.99559977  0.99557611 -1.00133817  0.99696408  0.99655506  0.99388773
   0.99728706 -0.99367575  0.99863811  1.23020081  2.05309769 -1.00081834
  -0.99932865 -0.99942292 -0.99872092  1.8655343   0.99418513  0.99353156
  -1.07905173 -1.00001066  1.27941182  1.23823358  0.99906821 -1.00032857
  -0.99504519 -0.99521829 -0.99880802 -9.06697762  0.99648523  1.00142467
  -0.99461912  0.99525589 -0.99534605  0.99845303 -0.99504875  1.0016024
   0.99718311 -0.99651339 -0.99650827 -0.99688813  1.00026335 -1.30835784
  -1.90606524 -2.0056609  -1.49836697 -1.33246962  0.99344463  0.99439747
  -1.0011521  -0.99464575  1.25433076  0.99909236  1.00088343 -0.9987023
  -0.99941816  1.00010661 -0.99474908 -0.99724458 -0.99503919  0.99654057
   0.99682268 -0.99383752  1.00176236  0.99829814  0.99757078  0.99471245
   1.00091509 -1.12861963  0.99403196  0.99523541  0.99916776  0.99474449
  -1.00110035 -0.99521811 -0.99610291  1.0003004  -0.9959529  -0.99757974
  -0.99724507 -0.99697818  0.99622499 -1.0015055   0.99769322  0.99857084
  -0.99958154 -0.99668555  1.00137382  0.99919819 -1.00097836 -1.00150365
  -0.99611888  0.99947716  1.00024947  0.99892429  1.00152237  0.99496529
  -2.40327256  1.00035427  1.00003875 -2.27427195 -0.99568293 -0.99734743
  -0.99796256 -0.99963347  1.00068135 -1.00181754  1.52856262  1.2719986
   1.09639652 -0.99695211 -0.99672941  1.0008142   0.99463548 -0.99847369
  -1.00079642  0.99425402 -0.99985471 -0.99856579 -1.41811063  0.99494732
   0.99906112 -0.99692408 -0.99977616 -0.99516444 -1.57600981 -1.12452399
   0.99734284  0.99668203  0.99400989 -1.21190003  1.00110666 -1.94553358
   0.99940118  1.42174793  1.3989374  -0.99561981  1.05671006 -0.99603063
  -0.99427833 -0.99501854  0.99583004  0.99582387  0.9967765  -0.9962246
   0.99396848  0.9982544   0.9968198   1.00110991  0.99909404 -0.99511088
  -1.00144283  0.99733065  0.99476015 -1.0004552  -0.99898858 -1.80180014
   0.99725966 -2.31302302  0.99930511  0.99585176 -1.0007991  -1.00057387
   1.4210793   1.33562153  1.12594464 -1.00038133 -0.99501553 -1.00007536
  -0.99537586 -0.99676121  1.00140586  0.99790323  0.99483769 -1.40095052
   1.00158108  0.99438312 -1.89410195  1.97516555 -0.99942679  0.9972875
   0.99713323  0.99462767  0.99703979  0.99869858 -2.14338379 -2.80436855
  -3.23696211  0.99776814 -3.06999979 -0.99670938 -1.00007246  1.16661768
  -0.99985908  0.99574681  1.00081075 -1.00048266  0.99891554 -1.00112746
   0.995851    0.99430334  0.99433262  0.99358796 -3.18004693  1.0013586
  -2.33041173 -1.00006934 -1.00065504  1.02939323 -0.99870335  0.99608886
   0.99665303 -1.42525375  0.99835594  0.99641213  0.99813965 -1.91907785
  -0.99426462  1.29508947  1.1187511  -0.99606903 -0.99684672 -1.00106072
   0.99977313  0.99643153 -0.99401693 -0.99729269  0.99926518 -0.99420988
  -1.04633768  0.99420503 -3.19923437  0.99809498  0.99980324 -1.64956011
  -0.99937549 -0.99843025  1.98645069 -0.99586524  1.62996703 -1.00086153
  -2.57154725 -4.12097191  0.99637867 -2.0575606   0.99759337 -6.7439103
  -1.00076463  0.99523076 -0.99478739  0.99346735  0.99945546 -0.99957725
   0.99782525  0.99354847  0.99946577 -0.99628211  0.99894337 -1.63405654
   0.99704817  0.99472693  0.99652495  0.99508999 -1.18835446  1.18589329
   2.40517916 -0.99724124 -0.99785036  0.9969072   0.99909889  0.9982827
  -4.06078331  0.99702052 -1.11811527 -0.99946204  0.99891743  0.99978171
   0.99424592 -0.99536849  0.99411892 -1.00051381  0.99837471 -0.99560566
  -0.997341    1.00066202 -0.99382633  1.00149875  0.99884568 -2.06557117
  -2.7195086   0.99759527  1.00090915  1.00052721 -1.001529   -0.9949608
   2.11787265 -1.1359666  -2.4657608   0.99938769  0.99448048 -2.38146422
   0.99833278  0.9942584   0.99661249  0.99720488  0.99552786  0.99396011
  -0.99488285 -0.99713638 -0.99568661 -0.99737384  0.99977198 -0.99454643
  -1.00146082 -0.99689487  0.99850299 -1.00009501  0.99658268 -0.99970218
   1.00151715  1.18992371  2.3361003  -0.99764855 -0.99600085  0.99653141
  -1.24641884 -3.05220107  0.9959128   1.00059299 -1.00081745 -0.99426075
   1.20159906  0.99512437  0.99571265  0.99392212 -0.99892674  0.99475318
   0.99516107 -1.00160304 -0.9939083   0.9988672   0.99699724  0.99494775
  -0.99881764  1.89036283 -0.99405577  1.66138611 -0.99990066 -0.99635081
   2.27211312  1.78317889 -0.99802357 -0.99853178 -0.99864327  0.9993336
   0.99382022  1.00153158  1.00157846  1.04342611 -0.99430797  0.99588128
   0.9947711  -0.99806768 -1.00007074  0.99516928  1.00162086  1.00150024
   1.0007561   1.00018143 -1.00085412 -0.99374225 -0.99737067  2.04593684
   2.14920647 -0.99355267  2.15756176  1.82546989 -1.00052112  1.17631669
   0.99517174 -0.99797126  1.37377303  0.99921572  0.99911547  0.99579321
   1.00229308 -0.99767757  1.22101534 -1.23007796 -0.99816836 -1.00105201
  -0.99881383 -0.99380113 -1.00115726 -0.99606735  0.99805917 -1.00125723
  -1.197428    1.19121061  1.93829798 -0.99704884  2.6538936   2.45938258
   1.98882777  3.13573566 -0.99804947  1.19519276 -0.99602421  1.00074685
   0.9949242   0.99744302 -0.99906865 -0.99437259  1.12091943 -0.99791443
   0.99978584  0.99820583 -1.001187    0.99962386 -0.99803052  0.99370486
  -1.00115084  1.00094795 -0.99443324  0.99953327 -0.9977548  -0.99364447
   1.84807251  2.74438616 -1.0009691   2.31955975 -0.99825849  1.13505307
   1.51426098 -1.00073214  1.82479535  1.23915064 -1.00158397  1.63588961
   1.43550746 -0.99437548  1.18912524 -0.99647073  1.00135818 -0.99378602
  -0.99704216 -0.99672787  0.99510935 -1.0016969   0.99585088 -0.99585597
  -0.99622793 -0.997102   -0.99772176  1.05647794 -0.9951083  -0.99739961
  -0.99648874 -0.99628954  1.05528691  1.02304747  1.60831005  2.68454192
  -0.99983834 -0.99874532 -0.99934535 -0.99527918  1.89493325  1.40599255
  -1.00090966  0.99534402  0.99360796 -1.00110309  0.99404884 -0.99776948
  -0.99914813 -0.99455503 -1.00097853  1.00166965 -0.99494596  1.00063364
   0.99449551 -0.99508093  1.10076921 -1.00095334  1.5453216   1.15172914
   0.99644921 -0.99586825  1.75475917 -0.99381049  3.22094849  3.25094013
  -0.99730991 -0.99724015 -0.99367106 -1.00135501  0.99816365  0.99499119
  -0.99627525 -1.00064371 -0.99935005  0.99348474 -0.9979248   1.00143072
  -1.00102043 -0.9956331   1.00142758 -0.99695309  0.99893971  0.99405943
  -0.99952975 -1.00170273 -0.99708515 -1.31148648  0.99548331  0.9991258
   0.99854456 -0.99402758  1.86334019 -0.99752435  1.4748963  -0.99544454
   1.0003683  -1.43415067 -1.31782513 -1.23237682  1.00143242  0.99462283
  -0.99753047 -0.99713925 -1.00027011  0.99936628 -0.99450178  0.99524112
   0.99370378 -1.00098462  0.99481514 -0.99618842 -0.99796561 -0.99956701
   0.99401724 -1.75598807  0.99780253  0.9960502  -1.85032277 -1.12769911
   0.99569429  0.99699768  0.99968964  0.99462709  0.99870442 -1.50380923
   1.00126337  0.99776014  1.00122779 -0.99396317 -1.00018475  0.99351031
  -0.99754156 -1.00143124 -0.99469564 -0.99670027 -0.99395194  0.99487847
  -0.99942259 -1.00063926 -0.99612604 -0.99920984  0.99583359 -0.9998152
  -0.9944899  -0.99820672 -0.99771899  0.99668892 -1.06511561  0.99883549
  -1.1493601  -1.0842828  -1.02771457 -1.00133796 -0.9962456  -0.99658549
  -0.99680815 -0.99514475 -1.00090153  0.99351849 -0.99377979 -0.99442464
  -0.99881975  0.99638664  0.99786416  0.99655207 -1.00143594  1.00115048
   0.9972613  -0.9959614  -0.99772318  1.00161438 -0.99528559 -0.99868355
  -1.00010241  0.99958093 -0.99675367 -1.00115821 -0.99987743 -0.9987567
  -1.00077704  0.99732829  0.99533246 -1.00135539 -0.99853066  0.99698148
  -0.99474813 -1.00050042 -0.99558084 -0.99630669]]
3  true MAPs are  [[2], [3], [1]]
We have collected all the required queries
the Oracle query times is 2**20.31714428293814
start recover nn under a subset of decision boundary points
we have found a solution
the model activation patterns of selected points are  [[2], [1], [3]]
selected w_2 sign is  1
recovered w_1 is  [[-1.          0.99717235 -0.99744717 ...  0.99711664  0.99979433
  -1.0011518 ]
 [ 1.          0.99986202  0.99667909 ... -1.00050042 -0.99558084
  -0.99630669]]
recovered w_2 is  [[0.06365592 1.06365592]]
recovered bs are  [array([[-0.02704834],
       [-3.35450358]]), array([[5.75891962]])]
start checking the prediction matching ratio
prediction matching ratio is  0.508964

we have found a solution
the model activation patterns of selected points are  [[2], [1], [3]]
selected w_2 sign is  -1
recovered w_1 is  [[ 1.         -0.99717235  0.99744717 ... -0.99711664 -0.99979433
   1.0011518 ]
 [-1.         -0.99986202 -0.99667909 ...  1.00050042  0.99558084
   0.99630669]]
recovered w_2 is  [[-0.06365592 -1.06365592]]
recovered bs are  [array([[0.02704834],
       [3.35450358]]), array([[5.75891962]])]
start checking the prediction matching ratio
prediction matching ratio is  1.0

6 models are checked, and 2 extracted models are final candidates

Process finished with exit code 0
