true weights are 
[array([[-0.28826457, -0.63385018, -1.45978849,  1.00109122, -1.51530138,
          0.92154259, -0.10100033, -1.27936934, -1.11650477, -0.2539794 ,
         -2.64801035,  1.24468254, -0.13050743,  0.8167405 , -0.16804903,
          1.1832857 ,  0.50519965, -1.18923794, -0.77772782,  0.4770486 ,
          1.34354691,  0.80928414,  1.15954572, -2.03621186, -1.22730454,
          0.9232936 , -0.32718997,  0.15770043,  0.16496158,  0.17815685,
          1.080978  , -1.5308639 ,  1.59604431,  0.79007682, -0.53696227,
          0.3894687 , -0.11820903,  2.4807015 , -0.89607973, -0.73345882,
          0.51252203, -0.44234474, -0.14256895,  0.03420721, -0.89478789,
         -2.11132646, -0.68677237,  0.96773956,  1.61690888, -0.1054834 ,
          0.97226611,  0.67384143, -0.33766643,  0.78261503, -1.81667529,
         -1.56238954, -1.12826729,  0.29659449,  1.50954667,  0.74218276,
         -1.2365207 ,  0.76993382,  0.15759099,  0.96968589],
        [-0.18578321, -0.15076321,  0.79612156, -0.88439723, -0.93073506,
         -0.04024926, -0.64159128, -0.59891549, -1.28311837,  0.27564622,
          1.27867869,  0.21590752,  0.92504698,  0.53616434, -0.47397068,
          1.92238135, -1.51107259,  0.30418768,  0.6123236 ,  1.1118328 ,
          0.6368638 ,  0.76556543,  0.53398862, -0.82089781, -2.13556884,
         -0.50698606, -0.66025206, -1.19231235,  1.39112733,  1.30320192,
          0.16537295,  0.61472429, -1.01973178,  0.97133432, -0.32133299,
         -1.58652652,  0.66201379, -0.89899404,  0.18369235,  0.1957209 ,
         -0.50976574,  0.92387491,  1.19604175, -0.78913786, -0.80587373,
          0.82099507,  0.9259503 ,  0.13703526,  0.62940985, -0.62845211,
          0.44180594, -2.73444   , -1.30675002, -1.82888845,  1.26868583,
         -0.31167302,  0.91022413,  1.37766349,  0.07922957, -0.38951854,
         -0.41165558, -0.63266566, -1.20863558, -1.61454746],
        [-0.47262849,  1.75597663, -1.65673186, -0.16560575,  1.77134472,
         -0.03309014,  0.70307351,  0.80298216, -1.70603241, -0.72183011,
          0.21935654, -1.58407679, -1.04687865,  1.43403688, -0.10800795,
          0.84126043, -0.48552001, -0.0775117 , -1.29375439, -0.58908786,
         -0.19972582,  0.38496061,  1.2012252 , -0.74651924,  0.16428625,
         -0.6439621 ,  0.27024843, -0.53770431,  1.49095221, -0.13062465,
         -0.15026665,  0.18059338,  1.76301643,  1.03430799,  0.02585593,
          1.55272242,  1.67948668,  1.82826167,  0.68379731, -0.17462543,
          0.18452195,  0.7589089 ,  0.1595231 ,  1.23701139, -1.50873693,
          0.4602716 , -1.37116665, -0.67915581,  0.14269032,  0.7562158 ,
         -2.12226142, -0.14047217, -0.39169301,  0.35420991, -0.34907545,
         -0.74763788, -1.29034407, -0.54766317, -0.01258587, -1.60478377,
          0.15202151,  0.93221923, -2.65181828,  0.58123128]])
 array([[-5.91515212, -2.05181899, -0.29665   ]])]
true biases are 
[array([[0.21159812],
        [0.91397983],
        [0.15990892]]) array([[9.53580528]])]
when the recovered model is correct: 
expected w_1s are: 
[-1.         -2.19884875 -5.064058    3.47282092 -5.25663419  3.1968639
 -0.35037371 -4.43817759 -3.87319461 -0.88106356 -9.18604175  4.31784783
 -0.45273488  2.83330175 -0.58296804  4.10486004  1.75255549 -4.12550857
 -2.69796538  1.65489849  4.66081183  2.80743536  4.0225052  -7.06369112
 -4.25756296  3.20293821 -1.1350336   0.54706839  0.57225756  0.61803242
  3.749951   -5.31062111  5.53673429  2.74080449 -1.86274114  1.35108071
 -0.41007132  8.60564143 -3.10853235 -2.54439465  1.77795708 -1.53450957
 -0.49457673  0.11866602 -3.10405091 -7.32426632 -2.38243769  3.35712283
  5.60911421 -0.36592564  3.3728256   2.3375798  -1.17137682  2.71491927
 -6.30211097 -5.41998469 -3.91399922  1.02889679  5.23667088  2.5746583
 -4.28953414  2.67092772  0.54668871  3.36387473]
[ -1.          -0.81150071   4.28521801  -4.76037218  -5.00979097
  -0.21664638  -3.45344056  -3.22373311  -6.90653563   1.4836982
   6.88263855   1.16214762   4.97917422   2.88596768  -2.55120296
  10.34744384  -8.13352602   1.63732596   3.29590385   5.9845709
   3.42799435   4.120746     2.87425661  -4.41857906 -11.49495058
  -2.72891215  -3.55388442  -6.41776155   7.48790659   7.01463771
   0.89013937   3.30882582  -5.48882629   5.22832126  -1.72961265
  -8.53966572   3.56336716  -4.83894123   0.9887457    1.05349076
  -2.74387407   4.97286544   6.43783549  -4.24762742  -4.33771018
   4.41910257   4.98403647   0.73760841   3.3878726   -3.38271744
   2.37807246 -14.71844512  -7.03373575  -9.84420733   6.82885077
  -1.67761671   4.89938848   7.41543583   0.4264625   -2.09662939
  -2.2157846   -3.40539735  -6.50562326  -8.69049171]
[-1.          3.7153423  -3.50535757 -0.35039307  3.74785852 -0.070013
  1.48758174  1.69897112 -3.609669   -1.52726744  0.46412042 -3.35163204
 -2.21501383  3.03417357 -0.2285261   1.7799613  -1.02727622 -0.16400132
 -2.73736014 -1.24640784 -0.42258523  0.81450996  2.5415844  -1.57950537
  0.34760124 -1.36251223  0.57179886 -1.13768917  3.15459656 -0.27637913
 -0.31793819  0.38210431  3.7302373   2.1884165   0.05470668  3.28529162
  3.55350282  3.86828492  1.44679662 -0.36947716  0.39041648  1.60571975
  0.33752324  2.61730177 -3.19222593  0.97385497 -2.90115105 -1.43697603
  0.30190799  1.60002161 -4.49033746 -0.29721478 -0.82875454  0.74944681
 -0.73858317 -1.58187222 -2.73014448 -1.15876038 -0.02662952 -3.39544441
  0.32165117  1.97241437 -5.61078804  1.22978469]
expected w_2 is: 
[-0.76582425 -0.17120539 -0.06297036]
when we regard k-deep nn as a zero-deep nn: 
expected gamma_ps are: 
[ 1.          2.19884875  5.064058   -3.47282092  5.25663419 -3.1968639
  0.35037371  4.43817759  3.87319461  0.88106356  9.18604175 -4.31784783
  0.45273488 -2.83330175  0.58296804 -4.10486004 -1.75255549  4.12550857
  2.69796538 -1.65489849 -4.66081183 -2.80743536 -4.0225052   7.06369112
  4.25756296 -3.20293821  1.1350336  -0.54706839 -0.57225756 -0.61803242
 -3.749951    5.31062111 -5.53673429 -2.74080449  1.86274114 -1.35108071
  0.41007132 -8.60564143  3.10853235  2.54439465 -1.77795708  1.53450957
  0.49457673 -0.11866602  3.10405091  7.32426632  2.38243769 -3.35712283
 -5.60911421  0.36592564 -3.3728256  -2.3375798   1.17137682 -2.71491927
  6.30211097  5.41998469  3.91399922 -1.02889679 -5.23667088 -2.5746583
  4.28953414 -2.67092772 -0.54668871 -3.36387473]
[  1.           0.81150071  -4.28521801   4.76037218   5.00979097
   0.21664638   3.45344056   3.22373311   6.90653563  -1.4836982
  -6.88263855  -1.16214762  -4.97917422  -2.88596768   2.55120296
 -10.34744384   8.13352602  -1.63732596  -3.29590385  -5.9845709
  -3.42799435  -4.120746    -2.87425661   4.41857906  11.49495058
   2.72891215   3.55388442   6.41776155  -7.48790659  -7.01463771
  -0.89013937  -3.30882582   5.48882629  -5.22832126   1.72961265
   8.53966572  -3.56336716   4.83894123  -0.9887457   -1.05349076
   2.74387407  -4.97286544  -6.43783549   4.24762742   4.33771018
  -4.41910257  -4.98403647  -0.73760841  -3.3878726    3.38271744
  -2.37807246  14.71844512   7.03373575   9.84420733  -6.82885077
   1.67761671  -4.89938848  -7.41543583  -0.4264625    2.09662939
   2.2157846    3.40539735   6.50562326   8.69049171]
[ 1.         -3.7153423   3.50535757  0.35039307 -3.74785852  0.070013
 -1.48758174 -1.69897112  3.609669    1.52726744 -0.46412042  3.35163204
  2.21501383 -3.03417357  0.2285261  -1.7799613   1.02727622  0.16400132
  2.73736014  1.24640784  0.42258523 -0.81450996 -2.5415844   1.57950537
 -0.34760124  1.36251223 -0.57179886  1.13768917 -3.15459656  0.27637913
  0.31793819 -0.38210431 -3.7302373  -2.1884165  -0.05470668 -3.28529162
 -3.55350282 -3.86828492 -1.44679662  0.36947716 -0.39041648 -1.60571975
 -0.33752324 -2.61730177  3.19222593 -0.97385497  2.90115105  1.43697603
 -0.30190799 -1.60002161  4.49033746  0.29721478  0.82875454 -0.74944681
  0.73858317  1.58187222  2.73014448  1.15876038  0.02662952  3.39544441
 -0.32165117 -1.97241437  5.61078804 -1.22978469]
start step 1: collect decision boundary points
start step 2: recover $\gamma_P$s
9 different MAPs occur
corresponding \gamma_P are: 
boundary point: 0, \gamma_p is [[  1.           0.81150075  -4.28521762   4.76037282   5.00979117
    0.21664639   3.45344114   3.22373284   6.90653792  -1.48369823
   -6.88264088  -1.16214772  -4.97917469  -2.88596767   2.55120286
  -10.34744728   8.13352771  -1.63732609  -3.29590429  -5.98457222
   -3.42799489  -4.12074552  -2.87425696   4.4185784   11.49495061
    2.72891246   3.55388455   6.41776196  -7.48790809  -7.01463904
   -0.89013941  -3.30882641   5.4888253   -5.22832216   1.7296127
    8.53966363  -3.56336689   4.83894213  -0.98874574  -1.05349077
    2.74387406  -4.97286546  -6.43783625   4.24762707   4.33771063
   -4.41910212  -4.98403742  -0.73760845  -3.3878722    3.38271711
   -2.37807256  14.71845527   7.03373594   9.84420329  -6.82884921
    1.67761674  -4.89938903  -7.4154386   -0.42646251   2.09662956
    2.21578451   3.40539773   6.50562372   8.69048932]]
boundary point: 1, \gamma_p is [[ 1.          1.94536567  3.35584587 -1.96852847  5.21153338 -2.57317951
   0.9173376   4.21628706  4.42742017  0.44899624  6.25012396 -3.74126811
  -0.53973344 -2.84292491  0.94258589 -5.24544751  0.05373794  3.07257689
   1.60282125 -2.44597691 -4.43556436 -3.04739206 -3.81270866  6.58040233
   5.57991219 -2.11912578  1.57698389  0.72548108 -1.83582122 -1.78676124
  -3.22743335  3.73575563 -3.52224628 -3.19530127  1.8384175   0.45606514
  -0.31591869 -6.14917268  2.35991595  1.88702276 -0.95177009  0.34554224
  -0.77204968  0.67910291  3.32945392  5.17862687  1.03650382 -2.87851028
  -5.20327013  0.91712613 -3.19107456  0.77873954  2.24249308 -0.42023185
   3.90294388  4.73621516  2.30369914 -2.1957865  -4.35779558 -1.72116415
   3.91063826 -1.56071816  0.74184466 -1.16141261]]
boundary point: 2, \gamma_p is [[ 1.          1.58890963  3.36526228 -1.822506    4.64736002 -2.40673772
   0.76589933  3.84380308  4.37592811  0.51689568  5.82732673 -3.29462703
  -0.36626619 -2.85496937  0.89762183 -5.02722796  0.11504207  2.8894251
   1.67426453 -2.21346732 -4.12964596 -2.90678849 -3.73266744  6.26549621
   5.20665863 -1.89988679  1.44167511  0.75143844 -1.91886608 -1.65684555
  -3.00418179  3.47645519 -3.53534631 -3.13189925  1.71920781  0.22047063
  -0.51979086 -6.00554912  2.12020702  1.79146326 -0.91642197  0.22267067
  -0.74468782  0.47152733  3.32081469  4.79120673  1.15392198 -2.60676369
  -4.89463198  0.75862085 -2.70737444  0.74841817  2.15347066 -0.44096288
   3.7036844   4.53758783  2.3305538  -1.9845505  -4.08170829 -1.39897018
   3.64413182 -1.5866437   1.04844447 -1.16571867]]
boundary point: 4, \gamma_p is [[ 1.         -0.40577736 -2.19031705  3.57452234  2.65484228  0.17721649
   2.12479067  1.90000882  6.0200071  -0.67404362 -5.15668876  0.05161741
  -3.04464424 -2.92582245  1.9266318  -8.04363849  6.22264676 -1.15294612
  -1.67354744 -4.04014797 -2.39256715 -3.23169474 -2.78480277  3.65514866
   8.31046943  2.36148597  2.44448122  4.99794287 -6.32267404 -5.05407101
  -0.56528517 -2.52182635  3.00980276 -4.41088775  1.24980627  5.35991352
  -3.5607176   2.49755143 -1.11191746 -0.67085217  1.90105803 -4.06743556
  -4.79745109  2.40163509  4.02969054 -3.49267103 -2.86369524 -0.15285812
  -2.55805199  2.04284991 -0.53114275 10.84055396  5.36520829  6.99555441
  -4.7939555   1.65187212 -2.84779272 -5.10982006 -0.30462532  2.44588554
   1.53346386  1.95929378  6.26500634  6.02291111]]
boundary point: 6, \gamma_p is [[ 1.          1.94536426  3.35584272 -1.96852703  5.21153085 -2.57317766
   0.91733697  4.21628375  4.42741652  0.44899594  6.25011668 -3.7412655
  -0.53973309 -2.84292341  0.94258531 -5.24544495 -0.03911397  3.07257514
   1.6028203  -2.44597524 -4.4355607  -3.04738946 -3.81270595  6.5803983
   5.57990929 -2.11912453  1.57698296 -0.01220961 -1.83582028 -1.78676005
  -3.22743141  3.73575434 -3.52224397 -3.19529937  1.83841624 -0.03015375
  -0.31591848 -6.14916916  2.3599144   1.88702143 -0.95176941  0.345542
  -0.77204918  0.67910243  3.32945186  5.17862437  1.03650312 -2.87850796
  -5.20326761  0.9171255  -3.19107172 -0.05217068  2.24249168 -0.42023156
   3.90294104  4.73621098  2.30369716 -2.19578516 -4.35779204 -1.72116305
   3.91063542 -1.56071703 -0.01220113 -1.16141174]]
boundary point: 9, \gamma_p is [[ 1.          1.74949785  4.94562724 -3.18233767  4.572487   -2.9486505
   0.21072896  3.97188615  3.85317026  0.93016052  8.4528342  -3.73513187
   0.58662944 -2.84856181  0.55603787 -3.92821688 -1.54134787  3.824518
   2.70095716 -1.43446154 -4.27458112 -2.65601515 -3.90998464  6.64700917
   3.90766808 -2.85606214  1.0053509  -0.41906323 -0.76845874 -0.5500763
  -3.44087825  4.87809471 -5.39947767 -2.69883364  1.717056   -1.49803795
   0.10892585 -8.24569969  2.76242472  2.37914695 -1.67253339  1.29591972
   0.43135501 -0.30850781  3.11074833  6.69378802  2.42184711 -2.99287413
  -5.20587861  0.2165563  -2.77539491 -2.1373914   1.14534437 -2.56558456
   5.87940042  5.12836793  3.82404945 -0.86268197 -4.83677113 -2.12105932
   3.93918229 -2.6178545  -0.07885439 -3.20172872]]
boundary point: 11, \gamma_p is [[ 1.         -3.71534248  3.50535817  0.35039312 -3.7478588   0.07001301
  -1.48758193 -1.69897126  3.60966966  1.52726767 -0.4641205   3.35163282
   2.21501432 -3.03417384  0.22852614 -1.77996156  1.02727642  0.16400134
   2.73736026  1.24640798  0.4225853  -0.81451005 -2.54158498  1.5795057
  -0.34760129  1.3625124  -0.57179896  1.13768933 -3.15459693  0.27637918
   0.31793824 -0.38210437 -3.73023735 -2.18841669 -0.05470669 -3.28529261
  -3.55350348 -3.86828569 -1.44679682  0.36947722 -0.39041655 -1.60572007
  -0.33752329 -2.6173019   3.19222628 -0.97385509  2.90115182  1.43697616
  -0.30190803 -1.60002181  4.49033811  0.29721483  0.82875469 -0.74944694
   0.73858331  1.58187245  2.73014476  1.1587605   0.02662952  3.39544536
  -0.32165122 -1.97241465  5.61078976 -1.22978483]]
boundary point: 19, \gamma_p is [[ 1.          2.19884912  5.06405835 -3.47282118  5.25663606 -3.19686431
   0.35037377  4.43817875  3.87319593  0.88106374  9.18603997 -4.31784816
   0.45273497 -2.8333026   0.58296816 -4.10486152 -1.7525558   4.12550952
   2.69796564 -1.6548987  -4.66081319 -2.80743623 -4.02250632  7.06369211
   4.25756407 -3.20293877  1.13503383 -0.54706849 -0.57225765 -0.61803254
  -3.74995172  5.31062205 -5.53673624 -2.74080497  1.86274149 -1.35108098
   0.4100714  -8.60564128  3.10853293  2.54439513 -1.77795738  1.53450986
   0.49457683 -0.11866604  3.10405147  7.3242694   2.38243831 -3.35712382
  -5.60911617  0.36592571 -3.37282676 -2.33758031  1.17137699 -2.71491948
   6.30211178  5.41998704  3.91399957 -1.02889697 -5.2366729  -2.57465907
   4.28953504 -2.67092792 -0.54668883 -3.36387485]]
boundary point: 53, \gamma_p is [[ 1.00000000e+00 -4.05777165e-01 -2.19031616e+00  3.57451996e+00
   2.65484097e+00  1.77216401e-01  2.12478983e+00  1.90000782e+00
   6.02000372e+00 -6.74043278e-01 -5.15668628e+00 -1.02548250e-02
  -3.04464252e+00 -2.92582165e+00  1.92663077e+00 -8.04363246e+00
   6.22264316e+00 -1.15294550e+00 -1.67354666e+00 -4.04014645e+00
  -2.39256608e+00 -3.23169280e+00 -2.78480132e+00  3.65514741e+00
   8.31046300e+00  2.36148493e+00  2.44448011e+00  4.99794054e+00
  -6.32267032e+00 -5.05406863e+00 -5.65284899e-01 -2.52182458e+00
  -1.10040822e-02 -4.41088594e+00  1.24980569e+00  5.35991085e+00
  -3.56071524e+00 -1.86928088e-02 -1.11191688e+00 -6.70851831e-01
   1.90105702e+00 -4.06743402e+00 -4.79744894e+00  2.40163401e+00
   4.02968752e+00 -3.49266876e+00 -2.86369372e+00 -1.52858047e-01
  -2.55805077e+00  2.04284875e+00 -5.31142491e-01  1.08405430e+01
   5.36520561e+00  6.99555441e+00 -4.79395336e+00  1.65187136e+00
  -2.84779120e+00 -5.10981762e+00 -3.04625174e-01  2.44588442e+00
   1.53346320e+00  1.95929271e+00  6.26500269e+00  6.02291111e+00]]
9  true MAPs are  [[2], [6], [7], [3], [6], [5], [1], [4], [3]]
We have collected all the required queries
the Oracle query times is 2**17.291656361358402
start recover nn under a subset of decision boundary points
we have found a solution
the model activation patterns of selected points are  [[2], [1], [4], [7]]
selected w_2 sign is  1
recovered w_1 is  [[  1.           0.81150075  -4.28521762   4.76037282   5.00979117
    0.21664639   3.45344114   3.22373284   6.90653792  -1.48369823
   -6.88264088  -1.16214772  -4.97917469  -2.88596767   2.55120286
  -10.34744728   8.13352771  -1.63732609  -3.29590429  -5.98457222
   -3.42799489  -4.12074552  -2.87425696   4.4185784   11.49495061
    2.72891246   3.55388455   6.41776196  -7.48790809  -7.01463904
   -0.89013941  -3.30882641   5.4888253   -5.22832216   1.7296127
    8.53966363  -3.56336689   4.83894213  -0.98874574  -1.05349077
    2.74387406  -4.97286546  -6.43783625   4.24762707   4.33771063
   -4.41910212  -4.98403742  -0.73760845  -3.3878722    3.38271711
   -2.37807256  14.71845527   7.03373594   9.84420329  -6.82884921
    1.67761674  -4.89938903  -7.4154386   -0.42646251   2.09662956
    2.21578451   3.40539773   6.50562372   8.69048932]
 [  1.          -3.71534248   3.50535817   0.35039312  -3.7478588
    0.07001301  -1.48758193  -1.69897126   3.60966966   1.52726767
   -0.4641205    3.35163282   2.21501432  -3.03417384   0.22852614
   -1.77996156   1.02727642   0.16400134   2.73736026   1.24640798
    0.4225853   -0.81451005  -2.54158498   1.5795057   -0.34760129
    1.3625124   -0.57179896   1.13768933  -3.15459693   0.27637918
    0.31793824  -0.38210437  -3.73023735  -2.18841669  -0.05470669
   -3.28529261  -3.55350348  -3.86828569  -1.44679682   0.36947722
   -0.39041655  -1.60572007  -0.33752329  -2.6173019    3.19222628
   -0.97385509   2.90115182   1.43697616  -0.30190803  -1.60002181
    4.49033811   0.29721483   0.82875469  -0.74944694   0.73858331
    1.58187245   2.73014476   1.1587605    0.02662952   3.39544536
   -0.32165122  -1.97241465   5.61078976  -1.22978483]
 [  1.           2.19884912   5.06405835  -3.47282118   5.25663606
   -3.19686431   0.35037377   4.43817875   3.87319593   0.88106374
    9.18603997  -4.31784816   0.45273497  -2.8333026    0.58296816
   -4.10486152  -1.7525558    4.12550952   2.69796564  -1.6548987
   -4.66081319  -2.80743623  -4.02250632   7.06369211   4.25756407
   -3.20293877   1.13503383  -0.54706849  -0.57225765  -0.61803254
   -3.74995172   5.31062205  -5.53673624  -2.74080497   1.86274149
   -1.35108098   0.4100714   -8.60564128   3.10853293   2.54439513
   -1.77795738   1.53450986   0.49457683  -0.11866604   3.10405147
    7.3242694    2.38243831  -3.35712382  -5.60911617   0.36592571
   -3.37282676  -2.33758031   1.17137699  -2.71491948   6.30211178
    5.41998704   3.91399957  -1.02889697  -5.2366729   -2.57465907
    4.28953504  -2.67092792  -0.54668883  -3.36387485]]
recovered w_2 is  [[0.17120516 0.06297028 0.76582456]]
recovered bs are  [array([[-4.91962522],
       [-0.33837066],
       [-0.73403071]]), array([[4.28281174]])]
start checking the prediction matching ratio
prediction matching ratio is  0.349838

we have found a solution
the model activation patterns of selected points are  [[2], [1], [4], [7]]
selected w_2 sign is  -1
recovered w_1 is  [[ -1.          -0.81150075   4.28521762  -4.76037282  -5.00979117
   -0.21664639  -3.45344114  -3.22373284  -6.90653792   1.48369823
    6.88264088   1.16214772   4.97917469   2.88596767  -2.55120286
   10.34744728  -8.13352771   1.63732609   3.29590429   5.98457222
    3.42799489   4.12074552   2.87425696  -4.4185784  -11.49495061
   -2.72891246  -3.55388455  -6.41776196   7.48790809   7.01463904
    0.89013941   3.30882641  -5.4888253    5.22832216  -1.7296127
   -8.53966363   3.56336689  -4.83894213   0.98874574   1.05349077
   -2.74387406   4.97286546   6.43783625  -4.24762707  -4.33771063
    4.41910212   4.98403742   0.73760845   3.3878722   -3.38271711
    2.37807256 -14.71845527  -7.03373594  -9.84420329   6.82884921
   -1.67761674   4.89938903   7.4154386    0.42646251  -2.09662956
   -2.21578451  -3.40539773  -6.50562372  -8.69048932]
 [ -1.           3.71534248  -3.50535817  -0.35039312   3.7478588
   -0.07001301   1.48758193   1.69897126  -3.60966966  -1.52726767
    0.4641205   -3.35163282  -2.21501432   3.03417384  -0.22852614
    1.77996156  -1.02727642  -0.16400134  -2.73736026  -1.24640798
   -0.4225853    0.81451005   2.54158498  -1.5795057    0.34760129
   -1.3625124    0.57179896  -1.13768933   3.15459693  -0.27637918
   -0.31793824   0.38210437   3.73023735   2.18841669   0.05470669
    3.28529261   3.55350348   3.86828569   1.44679682  -0.36947722
    0.39041655   1.60572007   0.33752329   2.6173019   -3.19222628
    0.97385509  -2.90115182  -1.43697616   0.30190803   1.60002181
   -4.49033811  -0.29721483  -0.82875469   0.74944694  -0.73858331
   -1.58187245  -2.73014476  -1.1587605   -0.02662952  -3.39544536
    0.32165122   1.97241465  -5.61078976   1.22978483]
 [ -1.          -2.19884912  -5.06405835   3.47282118  -5.25663606
    3.19686431  -0.35037377  -4.43817875  -3.87319593  -0.88106374
   -9.18603997   4.31784816  -0.45273497   2.8333026   -0.58296816
    4.10486152   1.7525558   -4.12550952  -2.69796564   1.6548987
    4.66081319   2.80743623   4.02250632  -7.06369211  -4.25756407
    3.20293877  -1.13503383   0.54706849   0.57225765   0.61803254
    3.74995172  -5.31062205   5.53673624   2.74080497  -1.86274149
    1.35108098  -0.4100714    8.60564128  -3.10853293  -2.54439513
    1.77795738  -1.53450986  -0.49457683   0.11866604  -3.10405147
   -7.3242694   -2.38243831   3.35712382   5.60911617  -0.36592571
    3.37282676   2.33758031  -1.17137699   2.71491948  -6.30211178
   -5.41998704  -3.91399957   1.02889697   5.2366729    2.57465907
   -4.28953504   2.67092792   0.54668883   3.36387485]]
recovered w_2 is  [[-0.17120516 -0.06297028 -0.76582456]]
recovered bs are  [array([[4.91962522],
       [0.33837066],
       [0.73403071]]), array([[4.28281174]])]
start checking the prediction matching ratio
prediction matching ratio is  1.0

1008 models are checked, and 2 extracted models are final candidates

Process finished with exit code 0
