C:\D_file\software\Anaconda\python.exe C:/D_file/documents/Projects/PythonProjects/myProjects/hard-label-model-extraction-attack/github_extraction_ML_models_update/check_solution_svd.py
Compute the matrix alignment for the SVD upper bound
ws_real is  [array([[-1.84551281, -0.96768992,  0.64799092, -0.04900044, -0.06220644,
         -0.86573807,  0.08953532,  0.5820179 ,  1.51856683,  0.9860407 ,
          2.5806608 , -0.35103851, -0.74400935,  1.73486844,  0.05035315,
         -0.76950304, -0.09480302, -0.82231746, -1.32828303,  0.05939889,
          0.94867036,  0.47628821,  0.50955588,  0.67937484, -0.1763914 ,
         -0.60263134,  0.31276603,  0.99499808, -0.34971055, -0.18604389,
         -0.34714865, -1.54173249],
        [-1.50097393, -0.80921933,  0.25027659,  1.84017694,  0.1797354 ,
         -0.09400555, -0.22162779,  0.57639827, -1.03194668, -0.03675383,
         -0.09162797,  0.9533002 , -0.94469354, -1.74358127, -0.5946664 ,
         -0.07964679, -1.34357385,  0.57409988, -1.29647861, -0.15907781,
         -1.31593333, -1.96026595,  0.36415597, -0.07196726, -0.6856687 ,
          0.40059519, -0.71851358,  0.65996615,  0.8118332 ,  0.26721323,
         -0.45719081, -0.72156692],
        [ 0.85026214, -0.69352052,  2.54636991,  0.99782291,  0.12410807,
         -0.49662616,  0.29852577, -0.65974837, -1.2554791 , -0.28269466,
         -1.02983147,  2.03994609, -0.65891634,  0.05344465, -0.59855885,
          2.37582315,  0.20378294,  1.64954253,  2.00163265, -0.60943819,
         -0.68934666, -0.06859834,  0.36342262, -0.67538321,  0.8290753 ,
         -1.23604345,  1.0027625 ,  1.85146397, -0.97819816,  0.82378833,
          0.82777806, -1.70217089]])
 array([[1.2325348 , 3.8356847 , 8.46760233]])]
numerator is  [[1.]
 [1.]
 [1.]
 [1.]
 [1.]
 [1.]
 [1.]
 [1.]
 [1.]
 [1.]
 [1.]
 [1.]
 [1.]
 [1.]
 [1.]
 [1.]
 [1.]
 [1.]
 [1.]
 [1.]
 [1.]
 [1.]
 [1.]
 [1.]
 [1.]
 [1.]
 [1.]
 [1.]
 [1.]
 [1.]
 [1.]
 [1.]]
denomicator is  [[-1.84551281]
 [-1.50097393]
 [ 0.85026214]]
after normalization, ws are: 
[[-1.         -0.52434744  0.351117   -0.02655113 -0.03370686 -0.46910434
   0.04851514  0.3153692   0.82284275  0.5342909   1.39834348 -0.1902119
  -0.40314505  0.94004682  0.0272841  -0.41695892 -0.05136947 -0.44557668
  -0.71973656  0.03218557  0.5140416   0.25807906  0.27610531  0.36812253
  -0.09557853 -0.32653869  0.16947378  0.5391445  -0.18949234 -0.10080878
  -0.18810417 -0.83539517]
 [-1.         -0.5391295   0.1667428   1.2259886   0.11974585 -0.0626297
  -0.14765599  0.38401617 -0.68751805 -0.02448665 -0.06104568  0.63512109
  -0.62938704 -1.16163328 -0.39618703 -0.05306341 -0.8951347   0.38248491
  -0.86375824 -0.10598306 -0.87671964 -1.305996    0.24261312 -0.04794704
  -0.45681586  0.26689017 -0.47869824  0.43969194  0.54087095  0.17802656
  -0.3045961  -0.48073248]
 [ 1.         -0.81565494  2.99480571  1.17354739  0.14596448 -0.58408594
   0.35109851 -0.77593526 -1.47657886 -0.33247942 -1.2111929   2.39919667
  -0.7749567   0.06285667 -0.70396978  2.79422432  0.23967072  1.94003997
   2.35413592 -0.71676505 -0.81074604 -0.08067905  0.42742421 -0.79432352
   0.975082   -1.45372044  1.17935687  2.17752136 -1.15046656  0.96886395
   0.9735563  -2.00193659]]
[[ 1.         -0.81565495  2.99480573  1.17354739  0.14596448 -0.58408593
   0.35109851 -0.77593526 -1.47657895 -0.33247941 -1.21119292  2.39919668
  -0.77495669  0.06285667 -0.70396977  2.79422444  0.23967072  1.94003996
   2.35413611 -0.71676507 -0.81074605 -0.08067905  0.4274242  -0.79432352
   0.97508197 -1.4537205   1.17935689  2.17752137 -1.15046659  0.96886393
   0.97355629 -2.00193669]
 [-1.         -0.52434744  0.351117   -0.02655113 -0.03370686 -0.46910435
   0.04851514  0.3153692   0.82284278  0.5342909   1.39834345 -0.19021191
  -0.40314505  0.94004679  0.0272841  -0.41695893 -0.05136947 -0.44557668
  -0.71973654  0.03218557  0.5140416   0.25807906  0.27610532  0.36812254
  -0.09557853 -0.3265387   0.16947378  0.53914451 -0.18949235 -0.10080878
  -0.18810417 -0.83539518]
 [-1.         -0.53912949  0.16674279  1.22598859  0.11974585 -0.0626297
  -0.14765598  0.38401617 -0.68751805 -0.02448665 -0.06104568  0.63512106
  -0.62938701 -1.16163325 -0.39618702 -0.0530634  -0.8951347   0.38248491
  -0.86375825 -0.10598306 -0.87671964 -1.305996    0.24261311 -0.04794704
  -0.45681585  0.26689016 -0.47869822  0.43969194  0.54087094  0.17802656
  -0.3045961  -0.48073247]]
index is  [2, 0, 1]
numerator is  [[ 0.85026214]
 [-1.84551281]
 [-1.50097393]]
denomicator is  [[-0.83223983]]
after normalization, ws are: 
[[8.65096979 2.73317697 6.91779282]]
[[8.65096694 2.73316466 6.91780228]]
index is  [0]
Finished alignment. Now compute the max error in the matrix.
Matrix diff 1.2047430074380028e-06
Bias diff 1.392243452758013e-05
Matrix diff 2.4622039270560947e-05
Bias diff 1.4799259885123206e-05
Number of bits of precision in the weight matrix 16.04411544633674

Computing SVD upper bound
	At layer 0 loss is bounded by 1.0553939248266262e-05
	At layer 1 loss is bounded by 0.00018988844852479107
Upper bound on number of bits of precision in the output through SVD 12.362560234793408

Process finished with exit code 0
