C:\D_file\software\Anaconda\python.exe C:/D_file/documents/Projects/PythonProjects/myProjects/hard-label-model-extraction-attack/github_extraction_ML_models_update/check_solution_svd.py
Compute the matrix alignment for the SVD upper bound
ws_real is  [array([[-0.28826457, -0.63385018, -1.45978849,  1.00109122, -1.51530138,
          0.92154259, -0.10100033, -1.27936934, -1.11650477, -0.2539794 ,
         -2.64801035,  1.24468254, -0.13050743,  0.8167405 , -0.16804903,
          1.1832857 ,  0.50519965, -1.18923794, -0.77772782,  0.4770486 ,
          1.34354691,  0.80928414,  1.15954572, -2.03621186, -1.22730454,
          0.9232936 , -0.32718997,  0.15770043,  0.16496158,  0.17815685,
          1.080978  , -1.5308639 ,  1.59604431,  0.79007682, -0.53696227,
          0.3894687 , -0.11820903,  2.4807015 , -0.89607973, -0.73345882,
          0.51252203, -0.44234474, -0.14256895,  0.03420721, -0.89478789,
         -2.11132646, -0.68677237,  0.96773956,  1.61690888, -0.1054834 ,
          0.97226611,  0.67384143, -0.33766643,  0.78261503, -1.81667529,
         -1.56238954, -1.12826729,  0.29659449,  1.50954667,  0.74218276,
         -1.2365207 ,  0.76993382,  0.15759099,  0.96968589],
        [-0.18578321, -0.15076321,  0.79612156, -0.88439723, -0.93073506,
         -0.04024926, -0.64159128, -0.59891549, -1.28311837,  0.27564622,
          1.27867869,  0.21590752,  0.92504698,  0.53616434, -0.47397068,
          1.92238135, -1.51107259,  0.30418768,  0.6123236 ,  1.1118328 ,
          0.6368638 ,  0.76556543,  0.53398862, -0.82089781, -2.13556884,
         -0.50698606, -0.66025206, -1.19231235,  1.39112733,  1.30320192,
          0.16537295,  0.61472429, -1.01973178,  0.97133432, -0.32133299,
         -1.58652652,  0.66201379, -0.89899404,  0.18369235,  0.1957209 ,
         -0.50976574,  0.92387491,  1.19604175, -0.78913786, -0.80587373,
          0.82099507,  0.9259503 ,  0.13703526,  0.62940985, -0.62845211,
          0.44180594, -2.73444   , -1.30675002, -1.82888845,  1.26868583,
         -0.31167302,  0.91022413,  1.37766349,  0.07922957, -0.38951854,
         -0.41165558, -0.63266566, -1.20863558, -1.61454746],
        [-0.47262849,  1.75597663, -1.65673186, -0.16560575,  1.77134472,
         -0.03309014,  0.70307351,  0.80298216, -1.70603241, -0.72183011,
          0.21935654, -1.58407679, -1.04687865,  1.43403688, -0.10800795,
          0.84126043, -0.48552001, -0.0775117 , -1.29375439, -0.58908786,
         -0.19972582,  0.38496061,  1.2012252 , -0.74651924,  0.16428625,
         -0.6439621 ,  0.27024843, -0.53770431,  1.49095221, -0.13062465,
         -0.15026665,  0.18059338,  1.76301643,  1.03430799,  0.02585593,
          1.55272242,  1.67948668,  1.82826167,  0.68379731, -0.17462543,
          0.18452195,  0.7589089 ,  0.1595231 ,  1.23701139, -1.50873693,
          0.4602716 , -1.37116665, -0.67915581,  0.14269032,  0.7562158 ,
         -2.12226142, -0.14047217, -0.39169301,  0.35420991, -0.34907545,
         -0.74763788, -1.29034407, -0.54766317, -0.01258587, -1.60478377,
          0.15202151,  0.93221923, -2.65181828,  0.58123128]])
 array([[-5.91515212, -2.05181899, -0.29665   ]])]
numerator is  [[1.]
 [1.]
 [1.]
 [1.]
 [1.]
 [1.]
 [1.]
 [1.]
 [1.]
 [1.]
 [1.]
 [1.]
 [1.]
 [1.]
 [1.]
 [1.]
 [1.]
 [1.]
 [1.]
 [1.]
 [1.]
 [1.]
 [1.]
 [1.]
 [1.]
 [1.]
 [1.]
 [1.]
 [1.]
 [1.]
 [1.]
 [1.]
 [1.]
 [1.]
 [1.]
 [1.]
 [1.]
 [1.]
 [1.]
 [1.]
 [1.]
 [1.]
 [1.]
 [1.]
 [1.]
 [1.]
 [1.]
 [1.]
 [1.]
 [1.]
 [1.]
 [1.]
 [1.]
 [1.]
 [1.]
 [1.]
 [1.]
 [1.]
 [1.]
 [1.]
 [1.]
 [1.]
 [1.]
 [1.]]
denomicator is  [[-0.28826457]
 [-0.18578321]
 [-0.47262849]]
after normalization, ws are:
[[ -1.          -2.19884875  -5.064058     3.47282092  -5.25663419
    3.1968639   -0.35037371  -4.43817759  -3.87319461  -0.88106356
   -9.18604175   4.31784783  -0.45273488   2.83330175  -0.58296804
    4.10486004   1.75255549  -4.12550857  -2.69796538   1.65489849
    4.66081183   2.80743536   4.0225052   -7.06369112  -4.25756296
    3.20293821  -1.1350336    0.54706839   0.57225756   0.61803242
    3.749951    -5.31062111   5.53673429   2.74080449  -1.86274114
    1.35108071  -0.41007132   8.60564143  -3.10853235  -2.54439465
    1.77795708  -1.53450957  -0.49457673   0.11866602  -3.10405091
   -7.32426632  -2.38243769   3.35712283   5.60911421  -0.36592564
    3.3728256    2.3375798   -1.17137682   2.71491927  -6.30211097
   -5.41998469  -3.91399922   1.02889679   5.23667088   2.5746583
   -4.28953414   2.67092772   0.54668871   3.36387473]
 [ -1.          -0.81150071   4.28521801  -4.76037218  -5.00979097
   -0.21664638  -3.45344056  -3.22373311  -6.90653563   1.4836982
    6.88263855   1.16214762   4.97917422   2.88596768  -2.55120296
   10.34744384  -8.13352602   1.63732596   3.29590385   5.9845709
    3.42799435   4.120746     2.87425661  -4.41857906 -11.49495058
   -2.72891215  -3.55388442  -6.41776155   7.48790659   7.01463771
    0.89013937   3.30882582  -5.48882629   5.22832126  -1.72961265
   -8.53966572   3.56336716  -4.83894123   0.9887457    1.05349076
   -2.74387407   4.97286544   6.43783549  -4.24762742  -4.33771018
    4.41910257   4.98403647   0.73760841   3.3878726   -3.38271744
    2.37807246 -14.71844512  -7.03373575  -9.84420733   6.82885077
   -1.67761671   4.89938848   7.41543583   0.4264625   -2.09662939
   -2.2157846   -3.40539735  -6.50562326  -8.69049171]
 [ -1.           3.7153423   -3.50535757  -0.35039307   3.74785852
   -0.070013     1.48758174   1.69897112  -3.609669    -1.52726744
    0.46412042  -3.35163204  -2.21501383   3.03417357  -0.2285261
    1.7799613   -1.02727622  -0.16400132  -2.73736014  -1.24640784
   -0.42258523   0.81450996   2.5415844   -1.57950537   0.34760124
   -1.36251223   0.57179886  -1.13768917   3.15459656  -0.27637913
   -0.31793819   0.38210431   3.7302373    2.1884165    0.05470668
    3.28529162   3.55350282   3.86828492   1.44679662  -0.36947716
    0.39041648   1.60571975   0.33752324   2.61730177  -3.19222593
    0.97385497  -2.90115105  -1.43697603   0.30190799   1.60002161
   -4.49033746  -0.29721478  -0.82875454   0.74944681  -0.73858317
   -1.58187222  -2.73014448  -1.15876038  -0.02662952  -3.39544441
    0.32165117   1.97241437  -5.61078804   1.22978469]]
[[ -1.          -0.81150026   4.28521591  -4.7603686   -5.00978883
   -0.21664626  -3.45343892  -3.22373091  -6.90653348   1.48369741
    6.88263646   1.16214697   4.97917238   2.88596612  -2.55120165
   10.34743731  -8.13352155   1.63732509   3.29590226   5.98456888
    3.4279927    4.12074394   2.87425465  -4.41857658 -11.4949383
   -2.72891038  -3.5538822   -6.41775813   7.48790287   7.01463446
    0.89013889   3.30882437  -5.4888225    5.22831707  -1.72961158
   -8.53966363   3.56336571  -4.83893777   0.9887451    1.05349015
   -2.74387266   4.97286316   6.43783239  -4.24762539  -4.33770712
    4.41910031   4.98403279   0.737608     3.38787113  -3.38271605
    2.37807098 -14.7184351   -7.03373133  -9.84420329   6.82884487
   -1.6776157    4.89938679   7.41543347   0.42646226  -2.09662833
   -2.21578314  -3.40539557  -6.50561978  -8.69048932]
 [ -1.          -2.19884867  -5.06405835   3.47282118  -5.25663349
    3.19686431  -0.35037371  -4.43817691  -3.87319453  -0.88106353
   -9.18603997   4.31784816  -0.45273489   2.83330186  -0.58296804
    4.10485996   1.75255551  -4.12550793  -2.69796564   1.65489845
    4.66081117   2.80743549   4.02250481  -7.06369211  -4.25756239
    3.20293782  -1.13503359   0.54706838   0.57225756   0.6180324
    3.74995041  -5.31062205   5.53673339   2.74080427  -1.86274117
    1.35108064  -0.41007132   8.60564128  -3.10853203  -2.54439453
    1.77795709  -1.53450964  -0.49457674   0.11866602  -3.10405057
   -7.32426441  -2.38243778   3.35712277   5.60911324  -0.36592563
    3.3728257    2.3375798   -1.17137686   2.71491948  -6.30211178
   -5.4199843   -3.91399957   1.02889678   5.23667035   2.57465846
   -4.28953333   2.67092792   0.54668871   3.36387485]
 [ -1.           3.71534119  -3.50535703  -0.35039302   3.74785749
   -0.07001298   1.48758152   1.698971    -3.60966845  -1.52726723
    0.46412036  -3.35163178  -2.2150134    3.03417298  -0.22852607
    1.77996097  -1.02727602  -0.16400129  -2.73735956  -1.24640769
   -0.42258516   0.81450987   2.54158377  -1.57950524   0.34760119
   -1.36251205   0.57179878  -1.13768897   3.154596    -0.27637909
   -0.31793814   0.38210426   3.73023735   2.18841624   0.05470667
    3.28529161   3.55350231   3.86828429   1.44679643  -0.3694771
    0.39041642   1.60571959   0.3375232    2.61730126  -3.19222533
    0.97385482  -2.90115026  -1.43697577   0.30190794   1.60002133
   -4.49033623  -0.29721474  -0.82875443   0.74944667  -0.73858305
   -1.58187199  -2.73014406  -1.15876025  -0.02662951  -3.39544429
    0.32165112   1.97241393  -5.61078683   1.22978455]]
index is  [1, 0, 2]
numerator is  [[-0.18578321]
 [-0.28826457]
 [-0.47262849]]
denomicator is  [[2.22652753]]
after normalization, ws are:
[[-0.17120539 -0.76582425 -0.06297036]]
[[-0.17120531 -0.76582447 -0.06297022]]
index is  [0]
Finished alignment. Now compute the max error in the matrix.
Matrix diff 0.00019168760764668932
Bias diff 8.267176854287461e-05
Matrix diff 4.481810350481785e-07
Bias diff 5.749474194516324e-06
Number of bits of precision in the weight matrix 14.023959076852565

Computing SVD upper bound
	At layer 0 loss is bounded by 0.00015003175802658878
	At layer 1 loss is bounded by 0.00012482014657152829
Upper bound on number of bits of precision in the output through SVD 12.967861568642043

Process finished with exit code 0
